-9.854610373935829282e-01 -2.670604593589111508e-01 -2.601670846254919983e-02 1.138720626843897719e-03 -3.940254035701748654e-03 -6.046695508774427991e-02 9.076299067284143013e-03 1.302297102521657341e-07 -1.101443301927360202e-01 -1.599989637997380199e-03 -1.540789066176392885e-02
-4.133853136363430797e-02 4.733239615362377917e-01 7.649937613562783623e-02 -3.398360457274581491e-03 1.175902876973874620e-02 2.507970144117144251e-01 -3.778622514861214310e-02 -5.393581931372810021e-07 1.432620511639760341e+00 2.732791805281132858e-01 -7.696911394195179446e-01
-1.577749383016599134e-08 3.432988644246256290e-07 4.634686551301068005e-03 5.804794984929769752e-01 1.344797547000600169e-01 8.049884427165653750e-03 5.249769924100961688e-02 -9.890211186323155657e-01 6.202597986467175749e-07 -3.569032151388050646e-08 -5.350719689998679375e-09
2.919802839774857278e-07 -6.353209729336406375e-06 -8.606162293661806517e-02 -1.339982998511862755e-01 5.791044777708652669e-01 -1.495000217189392522e-01 -9.747485811578355808e-01 -5.326460799412052749e-02 -1.147882638679449055e-05 6.611602616887692544e-07 9.865682061718977959e-08
2.386890286764903075e-03 -1.174402759122460393e-01 4.748470847637341619e-01 -2.061407134957565085e-02 7.133022129306672288e-02 8.769119377278321581e-01 -1.312030184068662397e-01 -1.888831158651011919e-06 -3.157483951614825646e-01 2.723870312445826336e-01 -4.514978343151286877e-01
-1.937528254229147970e-02 6.343690006953809357e-01 -1.864988144640122580e-01 7.609049562012886424e-03 -2.633068716411345739e-02 3.566585640198279838e-01 -5.491197999051405931e-02 -7.857705144352452722e-07 -1.470424226382763822e+00 -8.456484764933112075e-01 1.934242271071379360e+00
-1.471130883045259570e-08 3.182081104798645083e-07 4.680943108679284231e-03 5.434953969946538788e-01 1.264826728545400958e-01 -8.120006950868490642e-03 -5.397091394768350342e-02 1.010772227902731579e+00 -6.369585535778204650e-07 4.829406303428429953e-08 -4.033666234902763026e-10
2.722511481344609760e-07 -5.888869695099399669e-06 -8.691856949125630061e-02 -1.226228980382312733e-01 5.324048014395397210e-01 1.508204489085778477e-01 1.002142739230575286e+00 5.443667755050932838e-02 1.178798079210059897e-05 -8.948268977074460930e-07 8.021879196590644583e-09
5.814800422446093041e-03 -1.041880512583070600e-01 2.594014273800180348e-01 -1.086888821321837367e-02 3.761034458901635347e-02 -8.701435717869432374e-02 1.427794395767306018e-02 2.000114496648807529e-07 3.569326105323298304e-01 -2.879927010688509981e-01 1.705498374785896054e+00
-1.657172899407532768e-03 3.290378620020163736e-02 3.583146912205778523e-01 -1.474817971271630106e-02 5.103486989276981994e-02 -5.038729432781205997e-01 7.799200343209437836e-02 1.109476842403378251e-06 -8.977469643022160939e-02 -1.060632559339867775e+00 -9.198405931707038796e-01
6.208477729267631749e-04 -9.402346819491035068e-02 2.629068416556820109e-01 -1.070340080806117880e-02 3.703858336536371143e-02 -5.394922294126309747e-01 8.300625490304627818e-02 1.183625873103217664e-06 2.331545508007772938e-01 1.707410350831872314e+00 -1.169229402048514554e+00
