1.0000	-7.978518852	-7.829291538	-7.84410145	-7.9785	-7.844179623	-7.828635764	-7.9785	-7.843641764	-7.802563561	-7.9785	-7.838252571	-7.765023574
1.0253	-7.989676698	-7.840278277	-7.855259296	-7.9897	-7.855335773	-7.838859588	-7.9897	-7.854820695	-7.812386805	-7.9897	-7.849453966	-7.774542691
1.0505	-7.999778111	-7.849724263	-7.865360709	-7.9998	-7.865435957	-7.848017096	-7.9998	-7.86494818	-7.821330486	-7.9998	-7.859598851	-7.783149157
1.0758	-8.008908117	-7.85829906	-7.874490715	-8.0089	-7.874572059	-7.857157475	-8.0089	-7.874108677	-7.829469163	-8.0089	-7.868773285	-7.790910363
1.1010	-8.017146695	-7.866063144	-7.882729293	-8.0171	-7.882811443	-7.864696483	-8.0171	-7.882383026	-7.83691971	-8.0171	-7.87705774	-7.797899645
1.1263	-8.024567817	-7.873266372	-7.890150415	-8.0246	-7.890236898	-7.871873666	-8.0246	-7.889845609	-7.843764196	-8.0246	-7.884526029	-7.804185855
1.1515	-8.031241544	-7.879816345	-7.896824142	-8.0312	-7.896915844	-7.87840243	-8.0312	-7.896560346	-7.849820767	-8.0312	-7.891247645	-7.809828403
1.1768	-8.037230069	-7.885771787	-7.902812667	-8.0372	-7.902910395	-7.88433154	-8.0372	-7.902599342	-7.855535686	-8.0372	-7.89728429	-7.814879747
1.2020	-8.042589353	-7.891271284	-7.908171951	-8.0426	-7.908277035	-7.889775546	-8.0426	-7.907846572	-7.853749782	-8.0426	-7.902691739	-7.819382598
1.2273	-8.04736897	-7.896397133	-7.912951568	-8.0474	-7.91306647	-7.894891955	-8.0474	-7.912834951	-7.864942415	-8.0474	-7.907519221	-7.823368891
1.2525	-8.051615734	-7.901091877	-7.917198332	-8.0516	-7.917324357	-7.899554118	-8.0516	-7.91714075	-7.869193676	-8.0516	-7.911816545	-7.826886615
1.2778	-8.055373997	-7.905449922	-7.920956595	-8.0554	-7.921096048	-7.903872787	-8.0554	-7.920958489	-7.87294192	-8.0554	-7.91562569	-7.829901414
1.3030	-8.058682788	-7.909452881	-7.924265386	-8.0587	-7.924420505	-7.90783713	-8.0587	-7.924329325	-7.876300132	-8.0587	-7.918978821	-7.832652759
1.3283	-8.061577518	-7.913101509	-7.927160116	-8.0616	-7.927333149	-7.911446087	-8.0616	-7.927288016	-7.879275755	-8.0616	-7.921928833	-7.835017001
1.3535	-8.064091991	-7.916383618	-7.929674589	-8.0641	-7.929867628	-7.91468833	-8.0641	-7.929884258	-7.882362474	-8.0641	-7.924489479	-7.836870285
1.3788	-8.066258148	-7.919332326	-7.931840746	-8.0663	-7.932056316	-7.917595358	-8.0663	-7.932100716	-7.884120276	-8.0663	-7.926697972	-7.838666796
1.4040	-8.068105595	-7.922074215	-7.933688193	-8.0681	-7.933930868	-7.92026647	-8.0681	-7.934034585	-7.886562806	-8.0681	-7.928590738	-7.840036209
1.4293	-8.069660979	-7.924423969	-7.935243577	-8.0697	-7.935515644	-7.922590712	-8.0697	-7.935671149	-7.88850027	-8.0697	-7.930191868	-7.841171671
1.4545	-8.070947555	-7.926681936	-7.936530153	-8.0709	-7.936836068	-7.924659663	-8.0709	-7.937041262	-7.890178027	-8.0709	-7.931523209	-7.842059234
1.4798	-8.071986055	-7.92840675	-7.937568653	-8.0720	-7.937913189	-7.926472733	-8.0720	-7.938165354	-7.891601995	-8.0720	-7.932605796	-7.842705935
1.5051	-8.072796335	-7.930066296	-7.938378933	-8.0728	-7.938768921	-7.928076515	-8.0728	-7.93906451	-7.892815429	-8.0728	-7.933460552	-7.843146786
1.5303	-8.073397557	-7.93158432	-7.938980155	-8.0734	-7.939426066	-7.929522142	-8.0734	-7.939757433	-7.893824343	-8.0734	-7.934105891	-7.843386024
1.5556	-8.073806788	-7.932912564	-7.939389386	-8.0738	-7.939902175	-7.930768828	-8.0738	-7.940261886	-7.894659537	-8.0738	-7.934557972	-7.843439866
1.5808	-8.074039021	-7.934094347	-7.939621619	-8.0740	-7.940217039	-7.931851036	-8.0740	-7.940593104	-7.895333654	-8.0740	-7.934832825	-7.843320551
1.6061	-8.074108611	-7.935136585	-7.939691209	-8.0741	-7.940390093	-7.932771265	-8.0741	-7.940774397	-7.89603312	-8.0741	-7.934945811	-7.843043032
1.6313	-8.074029674	-7.93604839	-7.939612272	-8.0740	-7.940442756	-7.933532147	-8.0740	-7.940794698	-7.896261375	-8.0740	-7.934910507	-7.842623794
1.6566	-8.073815413	-7.936836657	-7.939398011	-8.0738	-7.940398415	-7.934133655	-8.0738	-7.940692572	-7.896534787	-8.0738	-7.934739515	-7.842073013
1.6818	-8.073477764	-7.937517422	-7.939060362	-8.0735	-7.940282663	-7.93457127	-8.0735	-7.940471367	-7.896690358	-8.0735	-7.934444465	-7.841400407
1.7071	-8.073027395	-7.938094654	-7.938609993	-8.0730	-7.940122828	-7.934835184	-8.0730	-7.94014152	-7.896732394	-8.0730	-7.934035944	-7.840612507
1.7323	-8.072473585	-7.938540231	-7.938056183	-8.0725	-7.939945688	-7.934914004	-8.0725	-7.939712388	-7.89666823	-8.0725	-7.933523385	-7.839714007
1.7576	-8.071824488	-7.938948049	-7.937407086	-8.0718	-7.939773335	-7.934801194	-8.0718	-7.939193523	-7.89652678	-8.0718	-7.932915539	-7.83870905
1.7828	-8.071087989	-7.93924591	-7.936670587	-8.0711	-7.939619288	-7.934500992	-8.0711	-7.938598984	-7.896423139	-8.0711	-7.932221256	-7.837604249
1.8081	-8.070271951	-7.939474533	-7.935854549	-8.0703	-7.93948874	-7.934029785	-8.0703	-7.937907804	-7.895828327	-8.0703	-7.931448597	-7.836408937
1.8333	-8.069383529	-7.939635261	-7.934966127	-8.0694	-7.939367992	-7.933405783	-8.0694	-7.937138936	-7.894821967	-8.0694	-7.93060373	-7.835132321
1.8586	-8.068428939	-7.939730822	-7.934011537	-8.0684	-7.939245035	-7.932653397	-8.0684	-7.936357756	-7.894953054	-8.0684	-7.929692381	-7.833774613
1.8838	-8.067413902	-7.939766381	-7.9329965	-8.0674	-7.93910972	-7.93179434	-8.0674	-7.935524166	-7.894845307	-8.0674	-7.928720319	-7.832335203
1.9091	-8.066343996	-7.939747249	-7.931926594	-8.0663	-7.938956622	-7.930846644	-8.0663	-7.934610886	-7.894180099	-8.0663	-7.927695786	-7.830742775
1.9343	-8.065224612	-7.939675065	-7.93080721	-8.0652	-7.938782715	-7.929824546	-8.0652	-7.9336602	-7.893555197	-8.0652	-7.926623738	-7.82928547
1.9596	-8.06406085	-7.939548069	-7.929643448	-8.0641	-7.938586804	-7.928739428	-8.0641	-7.932673167	-7.89290654	-8.0641	-7.925507531	-7.827663994
1.9848	-8.062857418	-7.939397987	-7.928440016	-8.0629	-7.938349346	-7.92759888	-8.0629	-7.931653103	-7.892215731	-8.0629	-7.924352192	-7.826007333
2.0101	-8.061618506	-7.939424387	-7.927201104	-8.0616	-7.93812394	-7.926414814	-8.0616	-7.930603918	-7.89148115	-8.0616	-7.923161007	-7.824294629
2.0354	-8.060347774	-7.939939905	-7.925930372	-8.0603	0	-7.926327388	-8.0603	-7.929529237	-7.890704481	-8.0603	-7.921937811	-7.822532578
2.0606	-8.059048428	-7.938920981	-7.924631026	-8.0590	-7.937522836	-7.923924979	-8.0590	-7.928432338	-7.889887942	-8.0590	-7.920685931	-7.820724019
2.0859	-8.057723392	-7.938440955	-7.92330599	-8.0577	-7.937168365	-7.922630579	-8.0577	-7.927316327	-7.889034359	-8.0577	-7.919408515	-7.818869606
2.1111	-8.056375441	-7.938165872	-7.921958039	-8.0564	-7.936795043	-7.921309335	-8.0564	-7.92618437	-7.888148026	-8.0564	-7.918108931	-7.816970785
2.1364	-8.055007305	-7.937854007	-7.920589903	-8.0550	-7.936566565	-7.91997173	-8.0550	-7.925037738	-7.887221418	-8.0550	-7.91679059	-7.815030483
2.1616	-8.053621603	-7.937502381	-7.919204201	-8.0536	-7.936979564	-7.918637075	-8.0536	-7.923883758	-7.886287715	-8.0536	-7.915456247	-7.813052818
2.1869	-8.052220722	-7.937121276	-7.91780332	-8.0522	-7.935490881	-7.917213976	-8.0522	-7.922720114	-7.885318213	-8.0522	-7.914107459	-7.811039999
2.2121	-8.050806754	-7.936717626	-7.916389352	-8.0508	-7.935209144	-7.915821894	-8.0508	-7.921550391	-7.884323718	-8.0508	-7.912745475	-7.809245349
2.2374	-8.049381596	-7.936293611	-7.914964194	-8.0494	-7.934735898	-7.91441045	-8.0494	-7.920376752	-7.883306411	-8.0494	-7.911372478	-7.80751764
2.2626	-8.047947074	-7.935858015	-7.913529672	-8.0479	-7.934307916	-7.912990031	-8.0479	-7.919201925	-7.882271978	-8.0479	-7.909991482	-7.80576056
2.2879	-8.046504996	-7.93540633	-7.912087594	-8.0465	-7.933852261	-7.911560213	-8.0465	-7.918025714	-7.881210665	-8.0465	-7.908605262	-7.803973514
2.3131	-8.045057113	-7.934945307	-7.910639711	-8.0451	-7.933374202	-7.910123087	-8.0451	-7.916852346	-7.880137386	-8.0451	-7.907206718	-7.802159238
2.3384	-8.043605051	-7.934474774	-7.909187649	-8.0436	-7.932881518	-7.908680619	-8.0436	-7.91568257	-7.879048903	-8.0436	-7.905822632	-7.800325314
2.3636	-8.042150285	-7.933995189	-7.907732883	-8.0422	-7.932378606	-7.907234488	-8.0422	-7.914517745	-7.877946089	-8.0422	-7.904426916	-7.798466167
2.3889	-8.040694103	-7.933506753	-7.906276701	-8.0407	-7.931867304	-7.905786115	-8.0407	-7.913358979	-7.87682948	-8.0407	-7.903028892	-7.79658499
2.4141	-8.039237621	-7.933009599	-7.904820219	-8.0392	-7.931348297	-7.90433671	-8.0392	-7.912207238	-7.875699751	-8.0392	-7.901629279	-7.794684829
2.4394	-8.037781785	-7.932504167	-7.903364383	-8.0378	-7.930822049	-7.902887306	-8.0378	-7.911063307	-7.874557376	-8.0378	-7.900228992	-7.792761274
2.4646	-8.036327432	-7.931991367	-7.90191003	-8.0363	-7.930289327	-7.901438827	-8.0363	-7.909927537	-7.87340154	-8.0363	-7.898829035	-7.790814002
2.4899	-8.034875351	-7.931472394	-7.900457949	-8.0349	-7.929751475	-7.899992156	-8.0349	-7.908801119	-7.872235033	-8.0349	-7.897430565	-7.788843253
2.5152	-8.033426328	-7.930947455	-7.899008925	-8.0334	-7.929210517	-7.89854817	-8.0334	-7.90768489	-7.871059387	-8.0334	-7.896034666	-7.785729551
2.5404	-8.031981143	-7.93041297	-7.897563741	-8.0320	-7.928669697	-7.897107739	-8.0320	-7.906579804	-7.869876269	-8.0320	-7.894642666	-7.784450616
2.5657	-8.030540522	-7.929860424	-7.89612312	-8.0305	-7.928119956	-7.895671451	-8.0305	-7.905486482	-7.86868636	-8.0305	-7.89325552	-7.783170177
2.5909	-8.029105104	-7.929399405	-7.894687701	-8.0291	-7.927571799	-7.894240141	-8.0291	-7.904405337	-7.867489937	-8.0291	-7.891873501	-7.781887703
2.6162	-8.027675432	-7.927514691	-7.89325803	-8.0277	-7.927020777	-7.892814304	-8.0277	-7.903336672	-7.866287211	-8.0277	-7.890496269	-7.780600219
2.6414	-8.02625199	-7.928376444	-7.891834588	-8.0263	-7.926464863	-7.891394424	-8.0263	-7.902280836	-7.865078715	-8.0263	-7.889123622	-7.779301355
2.6667	-8.024835238	-7.927706342	-7.890417836	-8.0248	-7.925899891	-7.889980924	-8.0248	-7.901238306	-7.863865392	-8.0248	-7.887756414	-7.777998894
2.6919	-8.023425626	-7.927199147	-7.889008224	-8.0234	-7.925332449	-7.888574417	-8.0234	-7.900209626	-7.862648369	-8.0234	-7.886396358	-7.776723957
2.7172	-8.022023601	-7.926672604	-7.887606199	-8.0220	-7.924947133	-7.887178742	-8.0220	-7.899194568	-7.861426535	-8.0220	-7.885043902	-7.775392358
2.7424	-8.020629583	-7.926136048	-7.886212181	-8.0206	-7.923702506	-7.885775204	-8.0206	-7.898202455	-7.86022472	-8.0206	-7.883700494	-7.774089888
2.7677	-8.019243954	-7.925597534	-7.884826552	-8.0192	-7.923814936	-7.884404835	-8.0192	-7.897207513	-7.858975137	-8.0192	-7.882365007	-7.772816647
2.7929	-8.017867039	-7.92505991	-7.883449637	-8.0179	-7.923133615	-7.883028618	-8.0179	-7.896235781	-7.857747118	-8.0179	-7.881035552	-7.77149638
2.8182	-8.01649911	-7.924523762	-7.882081708	-8.0165	-7.922613305	-7.881664185	-8.0165	-7.895278328	-7.856517646	-8.0165	-7.879711359	-7.770187753
2.8434	-8.015140384	-7.923988779	-7.880722982	-8.0151	-7.922085867	-7.880308757	-8.0151	-7.894334821	-7.855286551	-8.0151	-7.878391363	-7.768886064
2.8687	-8.013791042	-7.923459618	-7.87937364	-8.0138	-7.921549085	-7.878962501	-8.0138	-7.893405076	-7.854054045	-8.0138	-7.877075162	-7.767582862
2.8939	-8.01245124	-7.922918472	-7.878033838	-8.0125	-7.921008907	-7.877625709	-8.0125	-7.892488061	-7.852818065	-8.0125	-7.875762895	-7.766278757
2.9192	-8.011121123	-7.922380247	0	-8.0111	-7.920468723	-7.876298612	-8.0111	-7.891585036	-7.851582421	-8.0111	-7.87445475	-7.764971768
2.9444	-8.009800826	-7.921840102	0	-8.0098	-7.919930194	0	-8.0098	-7.890695394	-7.850346476	-8.0098	-7.87315275	-7.763714628
2.9697	-8.008490477	-7.921354015	0	-8.0085	-7.919393958	0	-8.0085	-7.889819923	-7.849112365	-8.0085	-7.871852893	-7.762361281
2.9949	-8.007190191	-7.92059567	0	-8.0072	-7.91885996	0	-8.0072	-7.888958394	-7.847880072	-8.0072	-7.870559783	-7.761057159
3.0202	-8.005900066	-7.920852706	0	-8.0059	-7.918327522	0	-8.0059	-7.888110815	-7.846650038	-8.0059	-7.869272644	-7.759766694
3.0455	-8.004620184	-7.919870091	0	-8.0046	-7.917795609	0	-8.0046	-7.887277041	-7.845422459	-8.0046	-7.867991444	-7.758481316
3.0707	-8.00335061	-7.919230566	0	-8.0034	-7.917264139	0	-8.0034	-7.886456852	-7.844197509	-8.0034	-7.866716142	-7.757201919
3.0960	-8.002091393	-7.91871715	0	-8.0021	-7.916740995	0	-8.0021	-7.885649926	-7.84297528	-8.0021	-7.865446082	-7.755931406
3.1212	-8.00084257	-7.918216407	0	-8.0008	-7.916274526	0	-8.0008	-7.884856054	-7.841756181	-8.0008	-7.864180474	-7.754671555
3.1465	-7.999604167	-7.917712285	0	-7.9996	-7.915619646	0	-7.9996	-7.884074966	-7.840540467	-7.9996	-7.86291903	-7.753424032
3.1717	-7.998376199	-7.917205469	0	-7.9984	-7.914356464	0	-7.9984	-7.883306535	-7.839328596	-7.9984	-7.861662421	-7.752190651
3.1970	-7.997158675	-7.916697969	0	-7.9972	-7.914569513	0	-7.9972	-7.882550639	-7.838120937	-7.9972	-7.860411761	-7.750973207
3.2222	-7.995951597	-7.916191192	0	-7.9960	-7.91424349	0	-7.9960	-7.881807198	-7.836917822	-7.9960	-7.859167596	-7.749773405
3.2475	-7.994754966	-7.915686041	0	-7.9948	-7.91366878	0	-7.9948	-7.881076135	-7.83571954	-7.9948	-7.857929191	-7.748592898
3.2727	-7.99356878	-7.915182687	0	-7.9936	-7.913163094	0	-7.9936	-7.880357321	-7.834526298	-7.9936	-7.856694555	-7.747433368
3.2980	-7.992393035	-7.91468167	0	-7.9924	-7.912671781	0	-7.9924	-7.879650572	-7.833338256	-7.9924	-7.855461247	-7.746296034
3.3232	-7.991227724	-7.914183037	0	-7.9912	-7.912191756	0	-7.9912	-7.87895565	-7.832155538	-7.9912	-7.854227133	-7.745181566
3.3485	-7.990072836	-7.913686809	0	-7.9901	-7.911692645	0	-7.9901	-7.878272286	-7.830978258	-7.9901	-7.852991002	-7.7440902
3.3737	-7.988928352	-7.913192925	0	-7.9889	-7.911203634	0	-7.9889	-7.877600201	-7.829806561	-7.9889	-7.851752637	-7.74302187
3.3990	-7.987794248	-7.912701405	0	-7.9878	-7.910715852	0	-7.9878	-7.876939101	0	-7.9878	-7.85051256	-7.741976345
3.4242	-7.986670491	-7.912212849	0	-7.9867	-7.910229807	0	-7.9867	-7.87628868	0	-7.9867	-7.849271676	-7.74095333
3.4495	-7.985557047	-7.911729922	0	-7.9856	-7.909745771	0	-7.9856	-7.875648552	0	-7.9856	-7.848030872	-7.73995248
3.4747	-7.984453872	-7.91126183	0	-7.9845	-7.909263837	0	-7.9845	-7.875018218	0	-7.9845	-7.846790845	-7.738973423
3.5000	-7.983360923	-7.910827873	0	-7.9834	-7.908783993	0	-7.9834	-7.874397503	0	-7.9834	-7.84555198	-7.738015682
