1.0000	-200.0188501	-199.779036	-199.8610192	-200.0189	-199.8610447	-199.7781574	-200.0189	-199.8607956	-199.7583208	-200.0189	-199.8549257	-199.7056746
1.0253	-200.0429965	-199.8045237	-199.8851656	-200.0430	-199.8851936	-199.8036377	-200.0430	-199.8849738	-199.7836605	-200.0430	-199.8790765	-199.7305795
1.0505	-200.0648399	-199.8278033	-199.9070091	-200.0648	-199.90704	-199.8269094	-200.0648	-199.9068563	-199.8067808	-200.0648	-199.9009421	-199.7533863
1.0758	-200.0845695	-199.849056	-199.9267386	-200.0846	-199.926773	-199.8481536	-200.0846	-199.9266322	-199.8278628	-200.0846	-199.9207025	-199.7741438
1.1010	-200.1023612	-199.8684489	-199.9445304	-200.1024	-199.9445688	-199.8675372	-200.1024	-199.9444775	-199.8470739	-200.1024	-199.9385313	-199.792995
1.1263	-200.1183789	-199.8861362	-199.9605481	-200.1184	-199.960591	-199.8852146	-200.1184	-199.9605557	-199.8645684	-200.1184	-199.9545946	-199.8101379
1.1515	-200.1327749	-199.9022608	-199.974944	-200.1328	-199.9749919	-199.9013286	-200.1328	-199.9750192	-199.880489	-200.1328	-199.969038	-199.8256385
1.1768	-200.1456905	-199.916955	-199.9878596	-200.1457	-199.9879132	-199.9160114	-200.1457	-199.9880093	-199.894968	-200.1457	-199.982015	-199.8397923
1.2020	-200.1572567	-199.9303409	-199.9994259	-200.1573	-199.9994856	-199.9293853	-200.1573	-199.999657	-199.9081274	-200.1573	-199.9936429	-199.8525577
1.2273	-200.1675943	-199.9425312	-200.0097634	-200.1676	-200.00983	-199.9415627	-200.1676	-200.0100831	-199.9200798	-200.1676	-200.0040464	-199.8641073
1.2525	-200.1768138	-199.9536295	-200.018983	-200.1768	-200.019057	-199.9526472	-200.1768	-200.0193982	-199.9309284	-200.1768	-200.0133355	-199.8745448
1.2778	-200.1850166	-199.9637306	-200.0271858	-200.1850	-200.027268	-199.9627338	-200.1850	-200.0277039	-199.9407682	-200.1850	-200.0216113	-199.883966
1.3030	-200.1922951	-199.9729216	-200.0344642	-200.1923	-200.0345554	-199.9719091	-200.1923	-200.0350929	-199.9496857	-200.1923	-200.0289657	-199.8924585
1.3283	-200.1987329	-199.9812812	-200.0409021	-200.1987	-200.0410031	-199.9802522	-200.1987	-200.041649	-199.9577597	-200.1987	-200.0354823	-199.9001019
1.3535	-200.204406	-199.9888814	-200.0465751	-200.2044	-200.0466868	-199.9878347	-200.2044	-200.0474485	-199.9650616	-200.2044	-200.0412368	-199.9069683
1.3788	-200.2093828	-199.995787	-200.051552	-200.2094	-200.0516754	-199.9947215	-200.2094	-200.0525604	-199.971656	-200.2094	-200.0462976	-199.9131229
1.4040	-200.2137255	-200.0020568	-200.0558947	-200.2137	-200.0560308	-200.0009712	-200.2137	-200.0570471	-199.9776016	-200.2137	-200.0507267	-199.9186249
1.4293	-200.2174901	-200.007744	-200.0596593	-200.2175	-200.0598094	-200.006637	-200.2175	-200.060965	-199.9829509	-200.2175	-200.0545801	-199.9235273
1.4545	-200.2207273	-200.0128964	-200.0628964	-200.2207	-200.0630618	-200.0117665	-200.2207	-200.0643652	-199.9877515	-200.2207	-200.0579084	-199.927878
1.4798	-200.2234827	-200.0175573	-200.0656519	-200.2235	-200.065834	-200.0164028	-200.2235	-200.0672938	-199.9920463	-200.2235	-200.0607573	-199.931721
1.5051	-200.2257979	-200.0217656	-200.0679671	-200.2258	-200.0681675	-200.0205848	-200.2258	-200.0697927	-199.9958739	-200.2258	-200.0631681	-199.935094
1.5303	-200.2277105	-200.0255568	-200.0698797	-200.2277	-200.0701002	-200.0243478	-200.2277	-200.0718998	-199.9992692	-200.2277	-200.0651784	-199.9380322
1.5556	-200.2292548	-200.028963	-200.071424	-200.2293	-200.0716666	-200.0277236	-200.2293	-200.0736497	-200.0022641	-200.2293	-200.0668232	-199.9405748
1.5808	-200.230462	-200.0320132	-200.0726312	-200.2305	-200.0728979	-200.0307412	-200.2305	-200.0750738	-200.0048873	-200.2305	-200.0681303	-199.94273
1.6061	-200.2313606	-200.0347341	-200.0735298	-200.2314	-200.073823	-200.0334268	-200.2314	-200.0762008	-200.007165	-200.2314	-200.0691314	-199.9445473
1.6313	-200.2319767	-200.03715	-200.0741459	-200.2320	-200.0744683	-200.0358047	-200.2320	-200.0770569	-200.0091213	-200.2320	-200.0698505	-199.9460382
1.6566	-200.2323344	-200.0392833	-200.0745035	-200.2323	-200.0748581	-200.0378969	-200.2323	-200.0776663	-200.0107785	-200.2323	-200.0703107	-199.9472243
1.6818	-200.2324557	-200.0411548	-200.0746248	-200.2325	-200.0750148	-200.0397237	-200.2325	-200.078051	-200.0121569	-200.2325	-200.0705352	-199.9481332
1.7071	-200.232361	-200.0427834	-200.0745302	-200.2324	-200.0749591	-200.0413038	-200.2324	-200.0782314	-200.0132756	-200.2324	-200.0705431	-199.9487802
1.7323	-200.2320692	-200.0441869	-200.0742383	-200.2321	-200.0747104	-200.0426544	-200.2321	-200.0782262	-200.014152	-200.2321	-200.0703527	-199.9491829
1.7576	-200.2315976	-200.0453816	-200.0737667	-200.2316	-200.0742865	-200.0437916	-200.2316	-200.0780524	-200.0148028	-200.2316	-200.0699811	-199.9493589
1.7828	-200.2309623	-200.0463831	-200.0731315	-200.2310	-200.073704	-200.0447301	-200.2310	-200.0777259	-200.0152432	-200.2310	-200.0694428	-199.9493196
1.8081	-200.2301784	-200.0472057	-200.0723476	-200.2302	-200.0729787	-200.0454835	-200.2302	-200.0772614	-200.0154879	-200.2302	-200.0687519	-199.9490783
1.8333	-200.2292596	-200.0478628	-200.0714287	-200.2293	-200.072125	-200.0460647	-200.2293	-200.0766723	-200.0155503	-200.2293	-200.0679229	-199.9486541
1.8586	-200.2282186	-200.048367	-200.0703878	-200.2282	-200.0711567	-200.0464853	-200.2282	-200.0759708	-200.0154434	-200.2282	-200.066968	-199.9480597
1.8838	-200.2270675	-200.0487302	-200.0692367	-200.2271	-200.0700866	-200.0467561	-200.2271	-200.0751684	-200.0151793	-200.2271	-200.0658972	-199.9473022
1.9091	-200.2258172	-200.0489636	-200.0679863	-200.2258	-200.0689271	-200.0468871	-200.2258	-200.0742756	-200.0147694	-200.2258	-200.0647208	-199.9463931
1.9343	-200.2244779	-200.0490776	-200.0666471	-200.2245	-200.0676896	-200.0468874	-200.2245	-200.073302	-200.0142248	-200.2245	-200.0634497	-199.9453471
1.9596	-200.2230591	-200.0490823	-200.0652283	-200.2231	-200.0663854	-200.0467653	-200.2231	-200.0722565	-200.0135557	-200.2231	-200.062092	-199.944172
1.9848	-200.2215697	-200.048987	-200.0637389	-200.2216	-200.0650251	-200.0465283	-200.2216	-200.0711472	-200.0127718	-200.2216	-200.0606559	-199.9428774
2.0101	-200.2200177	-200.0488006	-200.0621869	-200.2200	-200.0636192	-200.0461829	-200.2200	-200.0699818	-200.0118826	-200.2200	-200.059149	-199.9414722
2.0354	-200.2184108	-200.0485315	-200.06058	-200.2184	-200.0621777	-200.0457349	-200.2184	-200.0687671	-200.0108968	-200.2184	-200.0575784	-199.939965
2.0606	-200.2167559	-200.0481875	-200.058925	-200.2168	-200.0607107	-200.0451894	-200.2168	-200.0675095	-200.0098227	-200.2168	-200.0559505	-199.9383639
2.0859	-200.2150595	-200.0477762	-200.0572287	-200.2151	-200.0592278	-200.0445506	-200.2151	-200.0662149	-200.0086683	-200.2151	-200.0542714	-199.9366763
2.1111	-200.2133277	-200.0473047	-200.0554969	-200.2133	-200.0577389	-200.0438218	-200.2133	-200.0648889	-200.0074411	-200.2133	-200.0525465	-199.9349093
2.1364	-200.211566	-200.0467796	-200.0537352	-200.2116	-200.0562533	-200.0430058	-200.2116	-200.0635363	-200.0061482	-200.2116	-200.0507904	-199.9330911
2.1616	-200.2097797	-200.0462074	-200.0519488	-200.2098	-200.0547801	-200.0421052	-200.2098	-200.062162	-200.0047961	-200.2098	-200.0489799	-199.9311637
2.1869	-200.2079734	-200.045594	-200.0501425	-200.2080	-200.0533281	-200.0411219	-200.2080	-200.0607701	-200.0033914	-200.2080	-200.0472174	-199.9293511
2.2121	-200.2061516	-200.0449451	-200.0483208	-200.2062	-200.0519049	-200.0400584	-200.2062	-200.0593647	-200.0019398	-200.2062	-200.0452902	-199.927182
2.2374	-200.2043184	-200.044266	-200.0464876	-200.2043	-200.0505171	-200.0389174	-200.2043	-200.0579494	-200.000447	-200.2043	-200.0434084	-199.9251144
2.2626	-200.2024777	-200.0435618	-200.0446468	-200.2025	-200.0491698	-200.0377029	-200.2025	-200.0565278	-199.9989182	-200.2025	-200.0415066	-199.9230022
2.2879	-200.2006328	-200.0428371	-200.0428019	-200.2006	-200.0478663	-200.0364195	-200.2006	-200.0551029	-199.9973585	-200.2006	-200.0395884	-199.9208502
2.3131	-200.198787	-200.0420966	-200.0409561	-200.1988	-200.0466086	-200.0350732	-200.1988	-200.0536778	-199.9957724	-200.1988	-200.0376528	-199.9186558
2.3384	-200.1969432	-200.0413444	-200.0391124	-200.1969	-200.0453968	-200.0336709	-200.1969	-200.0522551	-199.9941642	-200.1969	-200.0357125	-199.9164412
2.3636	-200.1951043	-200.0405845	-200.0372735	-200.1951	-200.0442301	-200.0322201	-200.1951	-200.0508374	-199.992538	-200.1951	-200.0337651	-199.9142006
2.3889	-200.1932727	-200.0398206	-200.0354418	-200.1933	-200.043107	-200.0307286	-200.1933	-200.0494271	-199.9908977	-200.1933	-200.0318086	-199.9119301
2.4141	-200.1914507	-200.0390563	-200.0336198	-200.1915	-200.0420254	-200.0292043	-200.1915	-200.0480264	-199.9892466	-200.1915	-200.0298456	-199.9096341
2.4394	-200.1896404	-200.0382947	-200.0318096	-200.1896	-200.0409835	-200.0276544	-200.1896	-200.0466373	-199.9875883	-200.1896	-200.0278912	-199.9073371
2.4646	-200.1878439	-200.0375391	-200.030013	-200.1878	-200.0399794	-200.0260859	-200.1878	-200.0452618	-199.9859257	-200.1878	-200.025932	-199.905017
2.4899	-200.1860628	-200.0367922	-200.0282319	-200.1861	-200.0390115	-200.024505	-200.1861	-200.0439015	-199.9842617	-200.1861	-200.0239751	-199.9026855
2.5152	-200.1842987	-200.0360568	-200.0264679	-200.1843	-200.0380787	-200.0229171	-200.1843	-200.0425581	-199.9825991	-200.1843	-200.0220222	-199.9003452
2.5404	-200.1825533	-200.0353354	-200.0247225	-200.1826	-200.0371801	-200.021327	-200.1826	-200.0412331	-199.9809402	-200.1826	-200.0200746	-199.8979985
2.5657	-200.1808277	-200.0346303	-200.0229969	-200.1808	-200.0363152	-200.0197392	-200.1808	-200.039928	-199.9792875	-200.1808	-200.0181337	-199.8956479
2.5909	-200.1791233	-200.0339438	-200.0212924	-200.1791	-200.0354836	-200.0181571	-200.1791	-200.038644	-199.9776432	-200.1791	-200.0162012	-199.8932963
2.6162	-200.177441	-200.0332778	-200.0196102	-200.1774	-200.0346854	-200.0165841	-200.1774	-200.0373823	-199.9760092	-200.1774	-200.0142772	-199.8909447
2.6414	-200.175782	-200.0326343	-200.0179511	-200.1758	-200.0339206	-200.0150229	-200.1758	-200.036144	-199.9743875	-200.1758	-200.0123636	-199.8885961
2.6667	-200.1741469	-200.032015	-200.0163161	-200.1741	-200.0331895	-200.0134758	-200.1741	-200.0349302	-199.9727798	-200.1741	-200.0101318	-199.8858761
2.6919	-200.1725368	-200.0314214	-200.0147059	-200.1725	-200.0324924	-200.011945	-200.1725	-200.0337417	-199.9711879	-200.1725	-200.0085701	-199.8839156
2.7172	-200.1709521	-200.0308552	-200.0131213	-200.1710	-200.0318297	-200.0104321	-200.1710	-200.0325795	-199.9696132	-200.1710	-200.0066915	-199.8815873
2.7424	-200.1693936	-200.0303176	-200.0115628	-200.1694	-200.0312019	-200.0089389	-200.1694	-200.0314443	-199.9680573	-200.1694	-200.004827	-199.879271
2.7677	-200.1678617	-200.02981	-200.0100309	-200.1679	-200.0306094	-200.0074664	-200.1679	-200.0303368	-199.9665215	-200.1679	-200.0029726	-199.8769634
2.7929	-200.1663569	-200.0293333	-200.0085261	-200.1664	-200.0300527	-200.006016	-200.1664	-200.0292576	-199.965007	-200.1664	-200.0011393	-199.8746786
2.8182	-200.1648796	-200.0288887	-200.0070488	-200.1649	-200.0295322	-200.0045885	-200.1649	-200.0282073	-199.9635152	-200.1649	-199.9993173	-199.8724067
2.8434	-200.16343	-200.028477	-200.0055992	-200.1634	-200.0290484	-200.0031847	-200.1634	-200.0271864	-199.9620471	-200.1634	-199.9975105	-199.8701538
2.8687	-200.1620085	-200.028099	-200.0041776	-200.1620	-200.0286015	-200.0018054	-200.1620	-200.0261954	-199.9606038	-200.1620	-199.9957189	-199.8679218
2.8939	-200.1606151	-200.0277555	-200.0027843	-200.1606	-200.028192	-200.0004512	-200.1606	-200.0252347	-199.9591864	-200.1606	-199.9939424	-199.8657125
2.9192	-200.15925	-200.027447	-200.0014192	-200.1593	-200.0278201	-199.9991224	-200.1593	-200.0243044	-199.9577958	-200.1593	-199.9921837	-199.86353
2.9444	-200.1579134	-200.027174	-200.0000825	-200.1579	-200.027486	-199.9978195	-200.1579	-200.0234052	-199.9564329	-200.1579	-200.0313109	-199.948333
2.9697	-200.1566051	-200.0269369	-199.9987743	-200.1566	-200.02719	-199.9965428	-200.1566	-200.0225369	-199.9550986	-200.1566	-200.0306298	-199.9474783
2.9949	-200.1553252	-200.0267361	-199.9974944	-200.1553	-200.026932	-199.9952924	-200.1553	-200.0216998	-199.9537936	-200.1553	-200.0299897	-199.946671
3.0202	-200.1540737	-200.0265717	-199.9962429	-200.1541	-200.0267121	-199.9940685	-200.1541	-200.0208942	-199.9525188	-200.1541	-200.0293865	-199.9459019
3.0455	-200.1528504	-200.0264438	-199.9950196	-200.1529	-200.0265303	-199.9928712	-200.1529	-200.0201199	-199.9512747	-200.1529	-200.0288171	-199.9451633
3.0707	-200.1516552	-200.0263524	-199.9938244	-200.1517	-200.0263865	-199.9917006	-200.1517	-200.0193771	-199.950062	-200.1517	-200.0282786	-199.9444479
3.0960	-200.150488	-200.0262976	-199.9926571	-200.1505	-200.0262805	-199.9905565	-200.1505	-200.0186654	-199.9488811	-200.1505	-200.0277685	-199.9437494
3.1212	-200.1493484	-200.0262791	-199.9915176	-200.1493	-200.026212	-199.989439	-200.1493	-200.0179854	-199.9477329	-200.1493	-200.0272847	-199.9430621
3.1465	-200.1482364	-200.0262968	-199.9904056	-200.1482	-200.0261807	-199.9883479	-200.1482	-200.0173373	-199.9466177	-200.1482	-200.0268254	-199.9423804
3.1717	-200.1471516	-200.0263502	-199.9893208	-200.1472	-200.0261862	-199.9872831	-200.1472	-200.016719	-199.9455355	-200.1472	-200.0263889	-199.9417003
3.1970	-200.1460938	-200.026439	-199.988263	-200.1461	-200.0262281	-199.9862444	-200.1461	-200.0161324	-199.944487	-200.1461	-200.0259735	-199.9410171
3.2222	-200.1450627	-200.0265627	-199.9872318	-200.1451	-200.0263058	-199.9852315	-200.1451	-200.0155763	-199.9434722	-200.1451	-200.0255784	-199.9403283
3.2475	-200.1440578	-200.0267207	-199.986227	-200.1441	-200.0264187	-199.9842443	-200.1441	-200.0150504	-199.9424911	-200.1441	-200.025202	-199.9396306
3.2727	-200.143079	-200.0269125	-199.9852482	-200.1431	-200.0265661	-199.9832825	-200.1431	-200.0145545	-199.9415439	-200.1431	-200.0248437	-199.9389234
3.2980	-200.1421259	-200.0271374	-199.9842951	-200.1421	-200.0267474	-199.9823457	-200.1421	-200.0140882	-199.9406302	-200.1421	-200.0245025	-199.9382055
3.3232	-200.141198	-200.0273946	-199.9833672	-200.1412	-200.0269618	-199.9814337	-200.1412	-200.0136514	-199.93975	-200.1412	-200.0241781	-199.9374803
3.3485	-200.1402951	-200.0276834	-199.9824643	-200.1403	-200.0272084	-199.9805461	-200.1403	-200.0132428	-199.9389028	-200.1403	-200.0238695	-199.9367437
3.3737	-200.1394167	-200.0280028	-199.9815858	-200.1394	-200.0274864	-199.9796827	-200.1394	-200.0128626	-199.9380882	-200.1394	-200.0235765	-199.9360028
3.3990	-200.1385624	-200.028352	-199.9807315	-200.1386	-200.0277948	-199.9788429	-200.1386	-200.0125102	-199.9373055	-200.1386	-200.0232983	-199.9352567
3.4242	-200.1377317	-200.02873	-199.9799009	-200.1377	-200.0281327	-199.9780266	-200.1377	0	0	-200.1377	-200.023034	-199.9345083
3.4495	-200.1369244	-200.0291359	-199.9790936	-200.1369	-200.0284991	-199.9772332	-200.1369	0	0	-200.1369	-200.0227831	-199.9337593
3.4747	-200.13614	-200.0295687	-199.9783092	-200.1361	-200.0288931	-199.9764623	-200.1361	-200.0116136	-199.9351411	-200.1361	-200.0225446	-199.9330112
3.5000	-200.135378	-200.0300274	-199.9775472	-200.1354	-200.0293135	-199.9757137	-200.1354	0	0	-200.1354	-200.0223182	-199.9322669
