1.0000	-7.950116209	-7.830249744	-7.844737525	-7.9501	-7.844782016	-7.828857067	-7.9501	-7.843673206	-7.801312929	-7.9501	-7.837156686	0
1.0253	-7.961148086	-7.840327225	-7.855769402	-7.9611	-7.855813118	-7.839028737	-7.9611	-7.854719363	-7.811100964	-7.9611	-7.848195847	0
1.0505	-7.971131671	-7.849753718	-7.865752988	-7.9711	-7.865797369	-7.848339756	-7.9711	-7.864719705	-7.820011908	-7.9711	-7.858183082	0
1.0758	-7.980153974	-7.858271412	-7.87477529	-7.9802	-7.874821386	-7.856839363	-7.9802	-7.873761153	-7.828126751	-7.9802	-7.867215239	0
1.1010	-7.988294634	-7.86606099	-7.882915951	-7.9883	-7.882964769	-7.864607469	-7.9883	-7.881923492	-7.83552555	-7.9883	-7.875344904	0
1.1263	-7.995626605	-7.873189605	-7.890247921	-7.9956	-7.890300471	-7.871715594	-7.9956	-7.889271972	-7.841903313	-7.9956	-7.882672478	0
1.1515	-8.002216737	-7.879723988	-7.896838054	-8.0022	-7.896895374	-7.878225742	-8.0022	-7.895894837	-7.848347622	-8.0022	-7.889255811	0
1.1768	-8.00812626	-7.885697764	-7.902747576	-8.0081	-7.902810711	-7.884184972	-8.0081	-7.901832728	-7.853916722	-8.0081	-7.895156368	0
1.2020	-8.013411219	-7.891114539	-7.908032536	-8.0134	-7.908102089	-7.889573579	-8.0134	-7.907148575	-7.85898547	-8.0134	-7.900430284	0
1.2273	-8.018122958	-7.896022337	-7.912744274	-8.0181	-7.912821097	-7.894464079	-8.0181	-7.911893034	-7.863559022	-8.0181	-7.905128861	0
1.2525	-8.022308571	-7.900477114	-7.916929887	-8.0223	-7.917015072	-7.89891486	-8.0223	-7.916113095	-7.867673429	-8.0223	-7.909299181	0
1.2778	-8.02601127	-7.904642611	-7.920632586	-8.0260	-7.920727625	-7.902991568	-8.0260	-7.919853021	-7.871400299	-8.0260	-7.91298445	0
1.3030	-8.029270676	-7.908459383	-7.923891993	-8.0293	-7.923999768	-7.906827597	-8.0293	-7.923151056	-7.874722085	-8.0293	-7.916224335	0
1.3283	-8.032123138	-7.911821672	-7.926744454	-8.0321	-7.926864871	-7.910160732	-8.0321	-7.926040133	-7.877569093	-8.0321	-7.919055084	0
1.3535	-8.034602044	-7.914927764	-7.92922336	-8.0346	-7.929358983	-7.913235573	-8.0346	-7.928569778	-7.880450478	-8.0346	-7.921510045	0
1.3788	-8.036738089	-7.917726767	-7.931359405	-8.0367	-7.931512263	-7.916005381	-8.0367	-7.930755091	-7.882911854	-8.0367	-7.923619734	0
1.4040	-8.038559463	-7.920286571	-7.933180779	-8.0386	-7.933353869	-7.91852834	-8.0386	-7.93262845	-7.885097355	-8.0386	-7.92541278	0
1.4293	-8.040092048	-7.92262543	-7.934713364	-8.0401	-7.934910733	-7.920843546	-8.0401	-7.934216668	-7.887048594	-8.0401	-7.926914627	0
1.4545	-8.041359642	-7.924797308	-7.935980958	-8.0414	-7.936207337	-7.922952991	-8.0414	-7.935543927	-7.888787844	-8.0414	-7.928149158	0
1.4798	-8.042384157	-7.926750997	-7.937005473	-8.0424	-7.937267231	-7.924883983	-8.0424	-7.936632143	-7.890325287	-8.0424	-7.929138276	0
1.5051	-8.043185778	-7.928518659	-7.937807094	-8.0432	-7.938109528	-7.926565256	-8.0432	-7.937501659	-7.89167477	-8.0432	-7.929902173	0
1.5303	-8.043783071	-7.930113727	-7.938404387	-8.0438	-7.938757431	-7.928096982	-8.0438	-7.938171205	-7.89284932	-8.0438	-7.930459425	0
1.5556	-8.044193108	-7.931560309	-7.938814425	-8.0442	-7.93923017	-7.929464193	-8.0442	-7.938657995	-7.893860127	-8.0442	-7.93082708	0
1.5808	-8.044431608	-7.932862254	-7.939052924	-8.0444	-7.939547168	-7.930667115	-8.0444	-7.938977982	-7.894719681	-8.0444	-7.931020843	0
1.6061	-8.044513072	-7.934031988	-7.939134389	-8.0445	-7.939729417	-7.93172116	-8.0445	-7.939145896	-7.895439317	-8.0445	-7.931055243	0
1.6313	-8.044450883	-7.935078157	-7.9390722	-8.0445	-7.939798484	-7.932619759	-8.0445	-7.939174923	-7.896022591	-8.0445	-7.930943634	0
1.6566	-8.04425736	-7.936008823	-7.938878677	-8.0443	-7.93977927	-7.933359902	-8.0443	-7.939089686	-7.896660097	-8.0443	-7.930698324	0
1.6818	-8.043943834	-7.936830491	-7.93856515	-8.0439	-7.939700884	-7.933931544	-8.0439	-7.93886692	-7.896840787	-8.0439	-7.93033065	0
1.7071	-8.04352074	-7.937550814	-7.938142057	-8.0435	-7.939597328	-7.934319122	-8.0435	-7.938553565	-7.897111257	-8.0435	-7.929851025	0
1.7323	-8.042997722	-7.938179449	-7.937619039	-8.0430	-7.939503626	-7.934502943	-8.0430	-7.938145965	-7.897277835	-8.0430	-7.929268862	0
1.7576	-8.042383695	-7.938722404	-7.937005011	-8.0424	-7.939440206	-7.934463818	-8.0424	-7.937653165	-7.897346736	-8.0424	-7.928593726	0
1.7828	-8.041686886	-7.93918349	-7.936308202	-8.0417	-7.939441984	-7.934228879	-8.0417	-7.937084115	-7.897330972	-8.0417	-7.927833158	0
1.8081	-8.04091487	-7.939569905	-7.935536186	-8.0409	-7.939475468	-7.93379715	-8.0409	-7.936446608	-7.897236183	-8.0409	-7.92699493	0
1.8333	-8.040074629	-7.939890322	-7.934695945	-8.0401	-7.939529492	-7.933207723	-8.0401	-7.935747824	-7.897067449	-8.0401	-7.926086006	0
1.8586	-8.039172619	-7.940142779	-7.933793935	-8.0392	-7.939584987	-7.932491115	-8.0392	-7.934994407	-7.896829456	-8.0392	-7.92511281	0
1.8838	-8.03821483	-7.94033392	-7.932836146	-8.0382	-7.939626481	-7.931672082	-8.0382	-7.934192521	-7.896526579	-8.0382	-7.924081295	0
1.9091	-8.03720681	-7.940469471	-7.931828126	-8.0372	-7.939647919	-7.930770178	-8.0372	-7.933347881	-7.896162993	-8.0372	-7.92299697	0
1.9343	-8.036153682	-7.940558036	-7.930774998	-8.0362	-7.939640141	-7.929799279	-8.0362	-7.9324658	-7.89574293	-8.0362	-7.92186492	0
1.9596	-8.03506017	-7.940596559	-7.929681486	-8.0351	-7.939601197	-7.928770626	-8.0351	-7.931551209	-7.895270552	-8.0351	-7.920689825	0
1.9848	-8.033930638	-7.940580611	-7.928551954	-8.0339	-7.939529218	-7.927692938	-8.0339	-7.930608	-7.894743804	-8.0339	-7.91947601	0
2.0101	-8.032769134	-7.940531685	-7.92739045	-8.0328	-7.939425828	-7.926573461	-8.0328	-7.92964002	-7.894164646	-8.0328	-7.918227501	0
2.0354	-8.031579427	-7.940437155	-7.926200743	-8.0316	-7.939286982	-7.925417922	-8.0316	-7.92865222	-7.893546992	-8.0316	-7.91694802	0
2.0606	-8.030365013	-7.940302932	-7.92498633	-8.0304	-7.939116847	-7.924231616	-8.0304	-7.927685647	-7.893074206	-8.0304	-7.915640992	0
2.0859	-8.029129123	-7.940131198	-7.923750439	-8.0291	-7.938913645	-7.923018848	-8.0291	-7.926631071	-7.892195543	-8.0291	-7.91430959	0
2.1111	-8.027874732	-7.939923101	-7.922496048	-8.0279	-7.938680147	-7.921783566	-8.0279	-7.925602507	-7.891459098	-8.0279	-7.912956726	0
2.1364	-8.026604591	-7.939677695	-7.921225907	-8.0266	-7.938416298	-7.920529172	-8.0266	-7.92456509	-7.890684484	-8.0266	-7.911585122	0
2.1616	-8.025321254	-7.939405621	-7.91994257	-8.0253	-7.938123052	-7.919258756	-8.0253	-7.923522182	-7.889878549	-8.0253	-7.910197297	0
2.1869	-8.024027102	-7.939098313	-7.918648418	-8.0240	-7.937801364	-7.91797512	-8.0240	-7.922475743	-7.889042	-8.0240	-7.908795532	0
2.2121	-8.022724348	-7.938763625	-7.917345664	-8.0227	-7.937452693	-7.916680825	-8.0227	-7.921427607	-7.888176168	-8.0227	-7.907382006	0
2.2374	-8.021415033	-7.938395826	-7.916036349	-8.0214	-7.937077226	-7.915378165	-8.0214	-7.920379462	-7.887282708	-8.0214	-7.905958711	0
2.2626	-8.020101036	-7.938002398	-7.914722352	-8.0201	-7.936678972	-7.914069296	-8.0201	-7.919332809	-7.886363311	-8.0201	-7.90452748	0
2.2879	-8.018784081	-7.937582328	-7.913405398	-8.0188	-7.93625181	-7.912755997	-8.0188	-7.918288962	-7.885419628	-8.0188	-7.903089987	0
2.3131	-8.017465769	-7.937136707	-7.912087085	-8.0175	-7.935805407	-7.911440171	-8.0175	-7.917249071	-7.884453261	-8.0175	-7.901647732	0
2.3384	-8.016147585	-7.936666646	-7.910768901	-8.0161	-7.935331683	-7.910123281	-8.0161	-7.916214137	-7.883465773	-8.0161	-7.900202386	0
2.3636	-8.014830912	-7.936173091	-7.909452228	-8.0148	-7.93483892	-7.908806935	-8.0148	-7.915185027	-7.882458691	-8.0148	-7.898755129	0
2.3889	-8.013517028	-7.935657579	-7.908138344	-8.0135	-7.9343253	-7.907492455	-8.0135	-7.914162482	-7.88143352	-8.0135	-7.897307113	0
2.4141	-8.012207099	-7.935120635	-7.906828415	-8.0122	-7.933791759	-7.906181085	-8.0122	-7.913147133	-7.880391764	-8.0122	-7.895859604	0
2.4394	-8.010902188	-7.934563471	-7.905523505	-8.0109	-7.933239214	-7.904873955	-8.0109	-7.912139533	-7.879334977	-8.0109	-7.894413582	0
2.4646	-8.009603269	-7.933987023	-7.904224585	-8.0096	-7.932668359	-7.903572092	-8.0096	-7.911140133	-7.878264615	-8.0096	-7.892969996	0
2.4899	-8.008311237	-7.933392362	-7.902932553	-8.0083	-7.932080706	-7.90227645	-8.0083	-7.910148836	-7.877180911	-8.0083	-7.891529712	0
2.5152	-8.007026923	-7.932781014	-7.90164824	-8.0070	-7.931476563	-7.900987895	-8.0070	-7.909164793	-7.876082739	-8.0070	-7.890093542	0
2.5404	-8.005751096	-7.932150156	-7.900372412	-8.0058	-7.930857198	-7.899707239	-8.0058	-7.908189748	-7.87497526	-8.0058	-7.888662207	0
2.5657	-8.004484453	-7.931512356	-7.89910577	-8.0045	-7.930223416	-7.898435212	-8.0045	-7.90722515	-7.873862265	-8.0045	-7.8872364	0
2.5909	-8.003227627	-7.930853087	-7.897848943	-8.0032	-7.929576247	-7.897172479	-8.0032	-7.9062678	-7.872737943	-8.0032	-7.885816746	0
2.6162	-8.001981179	-7.930183673	-7.896602495	-8.0020	-7.928916652	-7.895919629	-8.0020	-7.905319323	-7.871606888	-8.0020	-7.884403798	0
2.6414	-8.000745618	-7.929502501	-7.895366934	-8.0007	-7.928245596	-7.894677197	-8.0007	-7.904381603	-7.870473521	-8.0007	-7.882998004	0
2.6667	-7.999521403	-7.928810405	-7.89414272	-7.9995	-7.927564503	-7.893445669	-7.9995	-7.903451885	-7.869333738	-7.9995	-7.881599826	0
2.6919	-7.998308958	-7.928109396	-7.892930274	-7.9983	-7.926872799	-7.892225475	-7.9983	-7.902529427	0	-7.9983	-7.880209672	0
2.7172	-7.997108668	-7.927399661	-7.891729984	-7.9971	-7.926171678	-7.891017026	-7.9971	-7.901615096	0	-7.9971	-7.878827921	0
2.7424	-7.99592088	-7.926682701	-7.890542196	-7.9959	-7.925468041	-7.889820735	-7.9959	-7.900709213	0	-7.9959	-7.877454913	0
2.7677	-7.994745896	-7.925959467	0	-7.9947	-7.924753736	0	-7.9947	-7.899811564	0	-7.9947	-7.876090948	0
2.7929	-7.993583976	-7.925231045	0	-7.9936	-7.924035076	0	-7.9936	-7.898921911	0	-7.9936	-7.87473628	0
2.8182	-7.992435345	-7.924498389	0	-7.9924	-7.923311829	0	-7.9924	-7.897952501	0	-7.9924	-7.873391125	0
2.8434	-7.991300195	-7.923762515	0	-7.9913	-7.922584445	0	-7.9913	-7.89716623	0	-7.9913	-7.872055588	0
2.8687	-7.990178698	-7.923024342	0	-7.9902	-7.921855199	0	-7.9902	-7.896299638	0	-7.9902	-7.870729401	0
2.8939	-7.989071008	-7.922284824	0	-7.9891	-7.921123626	0	-7.9891	-7.895440304	0	-7.9891	-7.869414606	0
2.9192	-7.987977256	-7.921544758	0	-7.9880	-7.920390973	0	-7.9880	-7.894588104	0	-7.9880	-7.868109472	0
2.9444	-7.986897548	-7.920805075	0	-7.9869	-7.919658146	0	-7.9869	-7.893742894	0	-7.9869	-7.866814422	0
2.9697	-7.985831966	-7.920066547	0	-7.9858	-7.918925842	0	-7.9858	-7.892904528	0	-7.9858	-7.865529797	0
2.9949	-7.984780564	-7.919329931	0	-7.9848	-7.91819483	0	-7.9848	-7.892072858	0	-7.9848	-7.864255698	0
3.0202	-7.983743376	-7.918596087	0	-7.9837	-7.91746582	0	-7.9837	-7.89124773	0	-7.9837	-7.862992114	0
3.0455	-7.982720422	-7.917864901	0	-7.9827	-7.916739498	0	-7.9827	-7.890428993	0	-7.9827	-7.861739074	0
3.0707	-7.981711711	-7.917139285	0	-7.9817	-7.91601651	0	-7.9817	-7.889616503	0	-7.9817	-7.860496606	0
3.0960	-7.980717243	-7.916417104	0	-7.9807	-7.915297515	0	-7.9807	-7.888810137	0	-7.9807	-7.859264724	0
3.1212	-7.979737006	-7.915700266	0	-7.9797	-7.914583101	0	-7.9797	-7.888009802	0	-7.9797	-7.858043425	0
3.1465	-7.978770975	-7.914990083	0	-7.9788	-7.913873849	0	-7.9788	-7.887215425	0	-7.9788	-7.856832697	0
3.1717	-7.977819108	-7.914285964	0	-7.9778	-7.91317031	0	-7.9778	-7.886427043	0	-7.9778	-7.85563245	0
3.1970	-7.976881347	-7.913588808	0	-7.9769	-7.912472987	0	-7.9769	-7.88564447	0	-7.9769	-7.854442839	0
3.2222	-7.975957624	-7.912899105	0	-7.9760	-7.911782397	0	-7.9760	-7.884867983	0	-7.9760	-7.853263596	0
3.2475	-7.975047861	-7.912217313	0	-7.9750	-7.911098952	0	-7.9750	-7.884097173	0	-7.9750	-7.852094722	0
3.2727	-7.974151975	-7.911543859	0	-7.9742	-7.9104231	0	-7.9742	-7.883331973	0	-7.9742	-7.850936137	0
3.2980	-7.973269882	-7.910879152	0	-7.9733	-7.909755247	0	-7.9733	-7.882573504	0	-7.9733	-7.849787746	0
3.3232	-7.972401492	-7.910223569	0	-7.9724	-7.909095781	0	-7.9724	-7.881820282	0	-7.9724	-7.848649464	0
3.3485	-7.971546707	-7.909577458	0	-7.9715	-7.908445271	0	-7.9715	-7.881072802	0	-7.9715	-7.847521178	0
3.3737	-7.970705423	-7.908941159	0	-7.9707	-7.907804364	0	-7.9707	-7.880331044	0	-7.9707	-7.846402765	0
3.3990	-7.969877525	-7.908314915	0	-7.9699	-7.907171016	0	-7.9699	-7.879594991	0	-7.9699	-7.845294085	0
3.4242	-7.96906289	-7.907699036	0	-7.9691	-7.906550078	0	-7.9691	-7.878864637	0	-7.9691	-7.844194985	0
3.4495	-7.96826139	-7.907093742	0	-7.9683	-7.905936107	0	-7.9683	-7.878139982	0	-7.9683	-7.843105297	0
3.4747	-7.967472897	-7.90649925	0	-7.9675	-7.905333524	0	-7.9675	-7.877421066	0	-7.9675	-7.842024843	-7.73057548
3.5000	-7.96669728	-7.90591576	0	-7.9667	-7.904741489	0	-7.9667	-7.876707843	0	-7.9667	-7.840953434	-7.730022165
