[78.26086956521739, 125.21739130434783] _ -1886348.584617
[15.652173913043478, 360.0] _ -1886362.643728
[15.652173913043478, 203.47826086956522] _ -1886365.303424
[156.52173913043478, 140.8695652173913] _ -1886363.212793
[148.69565217391303, 15.652173913043478] _ -1886363.214498
[93.91304347826087, 140.8695652173913] _ -1886352.411396
[109.56521739130434, 140.8695652173913] _ -1886354.050992
[93.91304347826087, 266.0869565217391] _ -1886338.893241
[140.8695652173913, 187.82608695652175] _ -1886356.319461
[15.652173913043478, 172.17391304347825] _ -1886364.686750
[164.34782608695653, 172.17391304347825] _ -1886363.005502
[93.91304347826087, 46.95652173913044] _ -1886341.461814
[70.43478260869566, 281.7391304347826] _ -1886347.135069
[117.3913043478261, 297.39130434782606] _ -1886348.244991
[101.73913043478261, 15.652173913043478] _ -1886350.813593
[39.130434782608695, 328.69565217391306] _ -1886360.099236
[86.08695652173913, 93.91304347826087] _ -1886340.293558
[39.130434782608695, 187.82608695652175] _ -1886361.704571
[180.0, 172.17391304347825] _ -1886364.751204
[125.21739130434783, 15.652173913043478] _ -1886357.077891
[62.608695652173914, 234.7826086956522] _ -1886348.400345
[172.17391304347825, 297.39130434782606] _ -1886363.703114
[93.91304347826087, 156.52173913043478] _ -1886353.959677
[7.826086956521739, 313.04347826086956] _ -1886364.863832
[70.43478260869566, 313.04347826086956] _ -1886353.062508
[62.608695652173914, 93.91304347826087] _ -1886342.645645
[101.73913043478261, 62.608695652173914] _ -1886341.341746
[39.130434782608695, 219.1304347826087] _ -1886360.064525
[148.69565217391303, 360.0] _ -1886363.177661
[156.52173913043478, 281.7391304347826] _ -1886358.615121
[86.08695652173913, 46.95652173913044] _ -1886340.305315
[172.17391304347825, 31.304347826086957] _ -1886365.447238
[7.826086956521739, 234.7826086956522] _ -1886365.521572
[23.47826086956522, 93.91304347826087] _ -1886358.107467
[172.17391304347825, 78.26086956521739] _ -1886365.460573
[156.52173913043478, 109.56521739130434] _ -1886363.726901
[0.0, 0.0] _ -1886364.751204
[125.21739130434783, 156.52173913043478] _ -1886356.836476
[125.21739130434783, 344.3478260869565] _ -1886358.342805
[93.91304347826087, 187.82608695652175] _ -1886350.493320
[86.08695652173913, 172.17391304347825] _ -1886353.753035
[156.52173913043478, 328.69565217391306] _ -1886362.592378
[39.130434782608695, 234.7826086956522] _ -1886359.155979
[15.652173913043478, 313.04347826086956] _ -1886364.406697
[133.04347826086956, 281.7391304347826] _ -1886349.280137
[109.56521739130434, 156.52173913043478] _ -1886354.759043
[148.69565217391303, 203.47826086956522] _ -1886356.656969
[78.26086956521739, 15.652173913043478] _ -1886348.249563
[46.95652173913044, 219.1304347826087] _ -1886357.097925
[62.608695652173914, 109.56521739130434] _ -1886346.189268
[93.91304347826087, 15.652173913043478] _ -1886349.407602
[109.56521739130434, 0.0] _ -1886355.105408
[46.95652173913044, 250.43478260869566] _ -1886355.108966
[78.26086956521739, 109.56521739130434] _ -1886344.112421
[101.73913043478261, 266.0869565217391] _ -1886338.762990
[140.8695652173913, 0.0] _ -1886361.767304
[109.56521739130434, 62.608695652173914] _ -1886344.253943
[164.34782608695653, 219.1304347826087] _ -1886360.963029
[31.304347826086957, 297.39130434782606] _ -1886362.021993
[78.26086956521739, 313.04347826086956] _ -1886351.793377
[133.04347826086956, 360.0] _ -1886360.135971
[125.21739130434783, 219.1304347826087] _ -1886346.079239
[15.652173913043478, 234.7826086956522] _ -1886365.310047
[125.21739130434783, 328.69565217391306] _ -1886356.699155
[164.34782608695653, 46.95652173913044] _ -1886365.342042
[54.78260869565217, 281.7391304347826] _ -1886353.110525
[125.21739130434783, 250.43478260869566] _ -1886342.966459
[172.17391304347825, 313.04347826086956] _ -1886364.071319
[117.3913043478261, 125.21739130434783] _ -1886353.666757
[54.78260869565217, 0.0] _ -1886354.131260
[70.43478260869566, 78.26086956521739] _ -1886338.754389
[125.21739130434783, 78.26086956521739] _ -1886351.330069
[31.304347826086957, 360.0] _ -1886359.238790
[101.73913043478261, 250.43478260869566] _ -1886337.562684
[180.0, 125.21739130434783] _ -1886364.751204
[0.0, 46.95652173913044] _ -1886364.751204
[172.17391304347825, 156.52173913043478] _ -1886364.420481
[101.73913043478261, 140.8695652173913] _ -1886353.044751
[172.17391304347825, 125.21739130434783] _ -1886364.988298
[156.52173913043478, 125.21739130434783] _ -1886363.577803
[39.130434782608695, 156.52173913043478] _ -1886360.565025
[117.3913043478261, 266.0869565217391] _ -1886341.388060
[31.304347826086957, 203.47826086956522] _ -1886363.055056
[54.78260869565217, 78.26086956521739] _ -1886343.236523
[54.78260869565217, 140.8695652173913] _ -1886355.348417
[156.52173913043478, 360.0] _ -1886364.257790
[70.43478260869566, 140.8695652173913] _ -1886353.012688
[140.8695652173913, 125.21739130434783] _ -1886360.160804
[133.04347826086956, 313.04347826086956] _ -1886355.486480
[86.08695652173913, 250.43478260869566] _ -1886338.896640
[15.652173913043478, 281.7391304347826] _ -1886364.942900
[109.56521739130434, 313.04347826086956] _ -1886351.229783
[164.34782608695653, 344.3478260869565] _ -1886364.405214
[140.8695652173913, 281.7391304347826] _ -1886352.374614
[101.73913043478261, 93.91304347826087] _ -1886343.207847
[78.26086956521739, 156.52173913043478] _ -1886354.573224
[78.26086956521739, 219.1304347826087] _ -1886345.112385
[7.826086956521739, 0.0] _ -1886363.915174
[86.08695652173913, 125.21739130434783] _ -1886348.567203
[39.130434782608695, 140.8695652173913] _ -1886358.635919
[15.652173913043478, 15.652173913043478] _ -1886361.907071
[140.8695652173913, 46.95652173913044] _ -1886359.574400
[109.56521739130434, 15.652173913043478] _ -1886352.649695
[39.130434782608695, 62.608695652173914] _ -1886350.024574
[172.17391304347825, 187.82608695652175] _ -1886363.748217
[148.69565217391303, 187.82608695652175] _ -1886358.403593
[140.8695652173913, 140.8695652173913] _ -1886360.291431
[156.52173913043478, 0.0] _ -1886364.257790
[101.73913043478261, 46.95652173913044] _ -1886343.467871
[140.8695652173913, 219.1304347826087] _ -1886351.879733
[86.08695652173913, 140.8695652173913] _ -1886352.188926
[70.43478260869566, 219.1304347826087] _ -1886347.648712
[164.34782608695653, 187.82608695652175] _ -1886362.273560
[62.608695652173914, 187.82608695652175] _ -1886355.899395
[23.47826086956522, 219.1304347826087] _ -1886364.353443
[93.91304347826087, 328.69565217391306] _ -1886353.401238
[39.130434782608695, 297.39130434782606] _ -1886359.907595
[172.17391304347825, 203.47826086956522] _ -1886363.442341
[180.0, 328.69565217391306] _ -1886364.751204
[125.21739130434783, 109.56521739130434] _ -1886354.024874
[172.17391304347825, 250.43478260869566] _ -1886363.048718
[70.43478260869566, 15.652173913043478] _ -1886348.589308
[23.47826086956522, 172.17391304347825] _ -1886363.990153
[54.78260869565217, 250.43478260869566] _ -1886351.269755
[0.0, 156.52173913043478] _ -1886364.751204
[180.0, 156.52173913043478] _ -1886364.751204
[86.08695652173913, 281.7391304347826] _ -1886343.052034
[125.21739130434783, 297.39130434782606] _ -1886350.057328
[180.0, 297.39130434782606] _ -1886364.751204
[109.56521739130434, 360.0] _ -1886355.105408
[31.304347826086957, 125.21739130434783] _ -1886358.411102
[101.73913043478261, 187.82608695652175] _ -1886350.245971
[109.56521739130434, 125.21739130434783] _ -1886351.759166
[180.0, 313.04347826086956] _ -1886364.751204
[0.0, 203.47826086956522] _ -1886364.751204
[23.47826086956522, 297.39130434782606] _ -1886363.672363
[0.0, 266.0869565217391] _ -1886364.751204
[164.34782608695653, 140.8695652173913] _ -1886364.195588
[39.130434782608695, 360.0] _ -1886357.389607
[117.3913043478261, 328.69565217391306] _ -1886355.428762
[62.608695652173914, 313.04347826086956] _ -1886354.660861
[31.304347826086957, 0.0] _ -1886359.238790
[109.56521739130434, 203.47826086956522] _ -1886346.502389
[148.69565217391303, 172.17391304347825] _ -1886359.999907
[148.69565217391303, 328.69565217391306] _ -1886361.216676
[54.78260869565217, 234.7826086956522] _ -1886352.073340
[125.21739130434783, 187.82608695652175] _ -1886352.660445
[62.608695652173914, 219.1304347826087] _ -1886350.643705
[148.69565217391303, 109.56521739130434] _ -1886361.928817
[23.47826086956522, 140.8695652173913] _ -1886361.961845
[140.8695652173913, 344.3478260869565] _ -1886361.207348
[180.0, 234.7826086956522] _ -1886364.751204
[0.0, 109.56521739130434] _ -1886364.751204
[78.26086956521739, 140.8695652173913] _ -1886352.392250
[133.04347826086956, 187.82608695652175] _ -1886354.355086
[54.78260869565217, 62.608695652173914] _ -1886343.147945
[148.69565217391303, 93.91304347826087] _ -1886361.707942
[133.04347826086956, 297.39130434782606] _ -1886352.299747
[133.04347826086956, 93.91304347826087] _ -1886355.744410
[70.43478260869566, 125.21739130434783] _ -1886349.178765
[148.69565217391303, 31.304347826086957] _ -1886362.820145
[31.304347826086957, 266.0869565217391] _ -1886361.638092
[164.34782608695653, 125.21739130434783] _ -1886364.582939
[133.04347826086956, 140.8695652173913] _ -1886358.598354
[164.34782608695653, 78.26086956521739] _ -1886365.157119
[117.3913043478261, 313.04347826086956] _ -1886352.280616
[180.0, 281.7391304347826] _ -1886364.751204
[46.95652173913044, 31.304347826086957] _ -1886350.089627
[46.95652173913044, 78.26086956521739] _ -1886346.500056
[62.608695652173914, 281.7391304347826] _ -1886349.984587
[140.8695652173913, 360.0] _ -1886361.767304
[133.04347826086956, 0.0] _ -1886360.135971
[140.8695652173913, 313.04347826086956] _ -1886357.428268
[148.69565217391303, 78.26086956521739] _ -1886361.625589
[101.73913043478261, 31.304347826086957] _ -1886346.983096
[31.304347826086957, 46.95652173913044] _ -1886354.474505
[140.8695652173913, 31.304347826086957] _ -1886360.578001
[133.04347826086956, 125.21739130434783] _ -1886358.021579
[86.08695652173913, 234.7826086956522] _ -1886340.091308
[125.21739130434783, 0.0] _ -1886358.402494
[86.08695652173913, 15.652173913043478] _ -1886348.531128
[31.304347826086957, 78.26086956521739] _ -1886353.877184
[133.04347826086956, 156.52173913043478] _ -1886358.217734
[172.17391304347825, 344.3478260869565] _ -1886364.798581
[70.43478260869566, 172.17391304347825] _ -1886355.710569
[46.95652173913044, 156.52173913043478] _ -1886359.119749
[140.8695652173913, 15.652173913043478] _ -1886361.453418
[31.304347826086957, 109.56521739130434] _ -1886356.440680
[7.826086956521739, 15.652173913043478] _ -1886363.589074
[54.78260869565217, 187.82608695652175] _ -1886357.883009
[180.0, 187.82608695652175] _ -1886364.751204
[23.47826086956522, 156.52173913043478] _ -1886363.150613
[0.0, 219.1304347826087] _ -1886364.751204
[180.0, 109.56521739130434] _ -1886364.751204
[156.52173913043478, 234.7826086956522] _ -1886357.503906
[172.17391304347825, 219.1304347826087] _ -1886363.204106
[7.826086956521739, 125.21739130434783] _ -1886363.883379
[93.91304347826087, 93.91304347826087] _ -1886341.329913
[140.8695652173913, 93.91304347826087] _ -1886358.960773
[0.0, 344.3478260869565] _ -1886364.751204
[93.91304347826087, 360.0] _ -1886352.740354
[70.43478260869566, 109.56521739130434] _ -1886344.791008
[117.3913043478261, 203.47826086956522] _ -1886347.603270
[125.21739130434783, 172.17391304347825] _ -1886355.353754
[180.0, 0.0] _ -1886364.751204
[93.91304347826087, 219.1304347826087] _ -1886342.106107
[39.130434782608695, 266.0869565217391] _ -1886358.743308
[0.0, 360.0] _ -1886364.751204
[117.3913043478261, 172.17391304347825] _ -1886354.258582
[164.34782608695653, 313.04347826086956] _ -1886362.880172
[23.47826086956522, 281.7391304347826] _ -1886363.757368
[148.69565217391303, 266.0869565217391] _ -1886354.253501
[15.652173913043478, 31.304347826086957] _ -1886361.238341
[31.304347826086957, 250.43478260869566] _ -1886361.683578
[62.608695652173914, 328.69565217391306] _ -1886355.718998
[86.08695652173913, 328.69565217391306] _ -1886353.446154
[0.0, 234.7826086956522] _ -1886364.751204
[0.0, 62.608695652173914] _ -1886364.751204
[117.3913043478261, 219.1304347826087] _ -1886343.914988
[23.47826086956522, 313.04347826086956] _ -1886363.428576
[117.3913043478261, 140.8695652173913] _ -1886355.369657
[46.95652173913044, 140.8695652173913] _ -1886356.923295
[62.608695652173914, 125.21739130434783] _ -1886350.317867
[93.91304347826087, 297.39130434782606] _ -1886346.401716
[156.52173913043478, 313.04347826086956] _ -1886361.281149
[39.130434782608695, 78.26086956521739] _ -1886350.136370
[148.69565217391303, 297.39130434782606] _ -1886357.404559
[117.3913043478261, 78.26086956521739] _ -1886347.570274
[140.8695652173913, 328.69565217391306] _ -1886359.697030
[23.47826086956522, 31.304347826086957] _ -1886358.680970
[125.21739130434783, 125.21739130434783] _ -1886355.803799
[133.04347826086956, 46.95652173913044] _ -1886356.362326
[172.17391304347825, 266.0869565217391] _ -1886363.159383
[7.826086956521739, 31.304347826086957] _ -1886363.312582
[62.608695652173914, 360.0] _ -1886352.965115
[78.26086956521739, 344.3478260869565] _ -1886353.961851
[117.3913043478261, 250.43478260869566] _ -1886340.294449
[117.3913043478261, 62.608695652173914] _ -1886347.735007
[93.91304347826087, 31.304347826086957] _ -1886345.231733
[148.69565217391303, 125.21739130434783] _ -1886362.062190
[164.34782608695653, 31.304347826086957] _ -1886365.345931
[46.95652173913044, 187.82608695652175] _ -1886359.865345
[0.0, 140.8695652173913] _ -1886364.751204
[109.56521739130434, 31.304347826086957] _ -1886349.307588
[109.56521739130434, 78.26086956521739] _ -1886344.125390
[109.56521739130434, 234.7826086956522] _ -1886339.509778
[70.43478260869566, 234.7826086956522] _ -1886345.016779
[164.34782608695653, 234.7826086956522] _ -1886360.590864
[93.91304347826087, 125.21739130434783] _ -1886349.122051
[23.47826086956522, 250.43478260869566] _ -1886363.917063
[23.47826086956522, 203.47826086956522] _ -1886364.506166
[148.69565217391303, 344.3478260869565] _ -1886362.521745
[7.826086956521739, 360.0] _ -1886363.915174
[0.0, 172.17391304347825] _ -1886364.751204
[133.04347826086956, 31.304347826086957] _ -1886357.893566
[15.652173913043478, 78.26086956521739] _ -1886360.594809
[0.0, 328.69565217391306] _ -1886364.751204
[109.56521739130434, 250.43478260869566] _ -1886338.446082
[125.21739130434783, 203.47826086956522] _ -1886349.310003
[54.78260869565217, 344.3478260869565] _ -1886356.267658
[46.95652173913044, 109.56521739130434] _ -1886350.724112
[180.0, 344.3478260869565] _ -1886364.751204
[54.78260869565217, 266.0869565217391] _ -1886351.688879
[93.91304347826087, 78.26086956521739] _ -1886339.165688
[86.08695652173913, 344.3478260869565] _ -1886353.906357
[70.43478260869566, 360.0] _ -1886352.219251
[62.608695652173914, 62.608695652173914] _ -1886340.518151
[86.08695652173913, 360.0] _ -1886352.115330
[101.73913043478261, 0.0] _ -1886353.760342
[101.73913043478261, 109.56521739130434] _ -1886346.553387
[133.04347826086956, 344.3478260869565] _ -1886359.780319
[93.91304347826087, 62.608695652173914] _ -1886339.213425
[172.17391304347825, 234.7826086956522] _ -1886363.065690
[46.95652173913044, 281.7391304347826] _ -1886356.281205
[15.652173913043478, 266.0869565217391] _ -1886365.094301
[180.0, 219.1304347826087] _ -1886364.751204
[78.26086956521739, 78.26086956521739] _ -1886337.872639
[23.47826086956522, 125.21739130434783] _ -1886360.576698
[62.608695652173914, 203.47826086956522] _ -1886353.460258
[39.130434782608695, 31.304347826086957] _ -1886352.892422
[31.304347826086957, 172.17391304347825] _ -1886362.933209
[46.95652173913044, 266.0869565217391] _ -1886355.339912
[86.08695652173913, 31.304347826086957] _ -1886344.178888
[54.78260869565217, 203.47826086956522] _ -1886356.074587
[156.52173913043478, 219.1304347826087] _ -1886358.190738
[31.304347826086957, 140.8695652173913] _ -1886360.361003
[46.95652173913044, 313.04347826086956] _ -1886358.409884
[148.69565217391303, 0.0] _ -1886363.177661
[70.43478260869566, 250.43478260869566] _ -1886343.950002
[125.21739130434783, 281.7391304347826] _ -1886346.514687
[15.652173913043478, 297.39130434782606] _ -1886364.727768
[39.130434782608695, 344.3478260869565] _ -1886359.116572
[86.08695652173913, 156.52173913043478] _ -1886354.093555
[46.95652173913044, 0.0] _ -1886355.642233
[117.3913043478261, 156.52173913043478] _ -1886355.659551
[101.73913043478261, 172.17391304347825] _ -1886353.198885
[101.73913043478261, 297.39130434782606] _ -1886346.359531
[15.652173913043478, 344.3478260869565] _ -1886363.348522
[54.78260869565217, 219.1304347826087] _ -1886353.875015
[23.47826086956522, 344.3478260869565] _ -1886362.112217
[78.26086956521739, 62.608695652173914] _ -1886337.851150
[117.3913043478261, 234.7826086956522] _ -1886341.237136
[101.73913043478261, 234.7826086956522] _ -1886338.712196
[86.08695652173913, 266.0869565217391] _ -1886339.998972
[156.52173913043478, 250.43478260869566] _ -1886357.325567
[54.78260869565217, 46.95652173913044] _ -1886344.761720
[39.130434782608695, 313.04347826086956] _ -1886360.302084
[62.608695652173914, 0.0] _ -1886352.965115
[39.130434782608695, 172.17391304347825] _ -1886361.607712
[7.826086956521739, 266.0869565217391] _ -1886365.413972
[180.0, 250.43478260869566] _ -1886364.751204
[31.304347826086957, 234.7826086956522] _ -1886362.015660
[78.26086956521739, 266.0869565217391] _ -1886342.002297
[7.826086956521739, 46.95652173913044] _ -1886363.120753
[15.652173913043478, 187.82608695652175] _ -1886365.094134
[7.826086956521739, 187.82608695652175] _ -1886365.208832
[7.826086956521739, 172.17391304347825] _ -1886364.952955
[0.0, 125.21739130434783] _ -1886364.751204
[156.52173913043478, 46.95652173913044] _ -1886364.236811
[156.52173913043478, 15.652173913043478] _ -1886364.504155
[101.73913043478261, 360.0] _ -1886353.760342
[0.0, 313.04347826086956] _ -1886364.751204
[125.21739130434783, 93.91304347826087] _ -1886352.304201
[93.91304347826087, 172.17391304347825] _ -1886353.279510
[23.47826086956522, 187.82608695652175] _ -1886364.426057
[148.69565217391303, 46.95652173913044] _ -1886362.267247
[133.04347826086956, 109.56521739130434] _ -1886356.887145
[164.34782608695653, 93.91304347826087] _ -1886365.024086
[180.0, 203.47826086956522] _ -1886364.751204
[156.52173913043478, 78.26086956521739] _ -1886363.850797
[125.21739130434783, 140.8695652173913] _ -1886356.919029
[7.826086956521739, 203.47826086956522] _ -1886365.387177
[46.95652173913044, 328.69565217391306] _ -1886358.543184
[78.26086956521739, 0.0] _ -1886351.933843
[39.130434782608695, 0.0] _ -1886357.389607
[164.34782608695653, 360.0] _ -1886364.916591
[180.0, 93.91304347826087] _ -1886364.751204
[31.304347826086957, 187.82608695652175] _ -1886363.264769
[62.608695652173914, 46.95652173913044] _ -1886342.396717
[109.56521739130434, 46.95652173913044] _ -1886346.179213
[86.08695652173913, 219.1304347826087] _ -1886343.219560
[15.652173913043478, 156.52173913043478] _ -1886364.075638
[164.34782608695653, 109.56521739130434] _ -1886364.845942
[93.91304347826087, 250.43478260869566] _ -1886337.714783
[23.47826086956522, 78.26086956521739] _ -1886357.449323
[46.95652173913044, 93.91304347826087] _ -1886348.050997
[117.3913043478261, 344.3478260869565] _ -1886356.989868
[70.43478260869566, 31.304347826086957] _ -1886344.415834
[7.826086956521739, 328.69565217391306] _ -1886364.578509
[0.0, 187.82608695652175] _ -1886364.751204
[133.04347826086956, 62.608695652173914] _ -1886355.324996
[78.26086956521739, 297.39130434782606] _ -1886348.416882
[101.73913043478261, 125.21739130434783] _ -1886350.210056
[70.43478260869566, 203.47826086956522] _ -1886351.021763
[93.91304347826087, 0.0] _ -1886352.740354
[62.608695652173914, 250.43478260869566] _ -1886347.452442
[23.47826086956522, 360.0] _ -1886361.040180
[117.3913043478261, 360.0] _ -1886356.687330
[70.43478260869566, 156.52173913043478] _ -1886355.369561
[23.47826086956522, 15.652173913043478] _ -1886359.833593
[78.26086956521739, 172.17391304347825] _ -1886354.581844
[148.69565217391303, 140.8695652173913] _ -1886361.872151
[86.08695652173913, 109.56521739130434] _ -1886344.194862
[117.3913043478261, 31.304347826086957] _ -1886352.037481
[7.826086956521739, 109.56521739130434] _ -1886363.535810
[101.73913043478261, 281.7391304347826] _ -1886341.999520
[156.52173913043478, 203.47826086956522] _ -1886359.237392
[109.56521739130434, 109.56521739130434] _ -1886348.664876
[140.8695652173913, 250.43478260869566] _ -1886349.932995
[117.3913043478261, 187.82608695652175] _ -1886351.358656
[93.91304347826087, 203.47826086956522] _ -1886346.373579
[93.91304347826087, 281.7391304347826] _ -1886342.106684
[0.0, 78.26086956521739] _ -1886364.751204
[109.56521739130434, 328.69565217391306] _ -1886354.420454
[54.78260869565217, 93.91304347826087] _ -1886345.063192
[78.26086956521739, 328.69565217391306] _ -1886353.865166
[78.26086956521739, 203.47826086956522] _ -1886348.934730
[46.95652173913044, 172.17391304347825] _ -1886360.117284
[78.26086956521739, 234.7826086956522] _ -1886342.177339
[156.52173913043478, 187.82608695652175] _ -1886360.442949
[0.0, 93.91304347826087] _ -1886364.751204
[117.3913043478261, 281.7391304347826] _ -1886344.281498
[62.608695652173914, 266.0869565217391] _ -1886348.070698
[62.608695652173914, 297.39130434782606] _ -1886352.481992
[31.304347826086957, 31.304347826086957] _ -1886355.828728
[15.652173913043478, 46.95652173913044] _ -1886360.743737
[109.56521739130434, 219.1304347826087] _ -1886342.469426
[172.17391304347825, 0.0] _ -1886365.090251
[140.8695652173913, 234.7826086956522] _ -1886350.399843
[156.52173913043478, 297.39130434782606] _ -1886359.877624
[46.95652173913044, 46.95652173913044] _ -1886347.713007
[7.826086956521739, 156.52173913043478] _ -1886364.629595
[46.95652173913044, 62.608695652173914] _ -1886346.397256
[172.17391304347825, 109.56521739130434] _ -1886365.197787
[86.08695652173913, 62.608695652173914] _ -1886338.022422
[172.17391304347825, 172.17391304347825] _ -1886364.085512
[133.04347826086956, 266.0869565217391] _ -1886347.106923
[15.652173913043478, 0.0] _ -1886362.643728
[180.0, 46.95652173913044] _ -1886364.751204
[109.56521739130434, 344.3478260869565] _ -1886355.805793
[133.04347826086956, 172.17391304347825] _ -1886356.745283
[140.8695652173913, 266.0869565217391] _ -1886350.628973
[164.34782608695653, 203.47826086956522] _ -1886361.557456
[125.21739130434783, 266.0869565217391] _ -1886343.948421
[54.78260869565217, 297.39130434782606] _ -1886354.954274
[78.26086956521739, 360.0] _ -1886351.933843
[156.52173913043478, 172.17391304347825] _ -1886361.602779
[148.69565217391303, 62.608695652173914] _ -1886361.815728
[86.08695652173913, 187.82608695652175] _ -1886351.253242
[164.34782608695653, 250.43478260869566] _ -1886360.513127
[133.04347826086956, 219.1304347826087] _ -1886348.801314
[23.47826086956522, 266.0869565217391] _ -1886363.807039
[70.43478260869566, 344.3478260869565] _ -1886354.387998
[164.34782608695653, 328.69565217391306] _ -1886363.704767
[54.78260869565217, 156.52173913043478] _ -1886357.712891
[39.130434782608695, 125.21739130434783] _ -1886356.131735
[140.8695652173913, 297.39130434782606] _ -1886354.811565
[172.17391304347825, 93.91304347826087] _ -1886365.354716
[39.130434782608695, 203.47826086956522] _ -1886361.059923
[172.17391304347825, 360.0] _ -1886365.090251
[15.652173913043478, 125.21739130434783] _ -1886362.452579
[70.43478260869566, 46.95652173913044] _ -1886340.795223
[39.130434782608695, 281.7391304347826] _ -1886359.257579
[31.304347826086957, 93.91304347826087] _ -1886354.825596
[46.95652173913044, 344.3478260869565] _ -1886357.614372
[140.8695652173913, 109.56521739130434] _ -1886359.589679
[172.17391304347825, 140.8695652173913] _ -1886364.726865
[172.17391304347825, 15.652173913043478] _ -1886365.307855
[31.304347826086957, 328.69565217391306] _ -1886361.600208
[133.04347826086956, 234.7826086956522] _ -1886346.893440
[125.21739130434783, 234.7826086956522] _ -1886343.761704
[46.95652173913044, 360.0] _ -1886355.642233
[109.56521739130434, 187.82608695652175] _ -1886350.537607
[101.73913043478261, 328.69565217391306] _ -1886353.732017
[125.21739130434783, 313.04347826086956] _ -1886353.730309
[140.8695652173913, 203.47826086956522] _ -1886354.011269
[164.34782608695653, 266.0869565217391] _ -1886360.755475
[164.34782608695653, 0.0] _ -1886364.916591
[15.652173913043478, 93.91304347826087] _ -1886360.989731
[0.0, 281.7391304347826] _ -1886364.751204
[172.17391304347825, 281.7391304347826] _ -1886363.386503
[0.0, 250.43478260869566] _ -1886364.751204
[7.826086956521739, 93.91304347826087] _ -1886363.259744
[117.3913043478261, 15.652173913043478] _ -1886354.787893
[140.8695652173913, 172.17391304347825] _ -1886358.334942
[78.26086956521739, 187.82608695652175] _ -1886352.467870
[31.304347826086957, 281.7391304347826] _ -1886361.813920
[93.91304347826087, 344.3478260869565] _ -1886354.214768
[93.91304347826087, 313.04347826086956] _ -1886350.540635
[133.04347826086956, 250.43478260869566] _ -1886346.260998
[15.652173913043478, 219.1304347826087] _ -1886365.356319
[180.0, 78.26086956521739] _ -1886364.751204
[117.3913043478261, 46.95652173913044] _ -1886349.396877
[31.304347826086957, 219.1304347826087] _ -1886362.545819
[156.52173913043478, 62.608695652173914] _ -1886364.007093
[39.130434782608695, 46.95652173913044] _ -1886351.031771
[101.73913043478261, 219.1304347826087] _ -1886341.850643
[39.130434782608695, 15.652173913043478] _ -1886355.174187
[117.3913043478261, 0.0] _ -1886356.687330
[15.652173913043478, 109.56521739130434] _ -1886361.641769
[148.69565217391303, 281.7391304347826] _ -1886355.566677
[180.0, 15.652173913043478] _ -1886364.751204
[133.04347826086956, 328.69565217391306] _ -1886358.153996
[39.130434782608695, 109.56521739130434] _ -1886353.536566
[31.304347826086957, 156.52173913043478] _ -1886361.945074
[86.08695652173913, 297.39130434782606] _ -1886347.104092
[62.608695652173914, 15.652173913043478] _ -1886349.533787
[46.95652173913044, 297.39130434782606] _ -1886357.491389
[86.08695652173913, 313.04347826086956] _ -1886350.934422
[164.34782608695653, 297.39130434782606] _ -1886362.034619
[156.52173913043478, 31.304347826086957] _ -1886364.449554
[54.78260869565217, 360.0] _ -1886354.131260
[31.304347826086957, 15.652173913043478] _ -1886357.529562
[117.3913043478261, 93.91304347826087] _ -1886348.902255
[70.43478260869566, 297.39130434782606] _ -1886350.251130
[62.608695652173914, 172.17391304347825] _ -1886357.068082
[164.34782608695653, 156.52173913043478] _ -1886363.664600
[23.47826086956522, 62.608695652173914] _ -1886357.345102
[54.78260869565217, 109.56521739130434] _ -1886348.214172
[62.608695652173914, 156.52173913043478] _ -1886356.436830
[86.08695652173913, 203.47826086956522] _ -1886347.347629
[109.56521739130434, 266.0869565217391] _ -1886339.615820
[39.130434782608695, 93.91304347826087] _ -1886351.387980
[31.304347826086957, 344.3478260869565] _ -1886360.658729
[117.3913043478261, 109.56521739130434] _ -1886351.215844
[46.95652173913044, 234.7826086956522] _ -1886355.753899
[54.78260869565217, 172.17391304347825] _ -1886358.569227
[101.73913043478261, 344.3478260869565] _ -1886354.861803
[7.826086956521739, 219.1304347826087] _ -1886365.488897
[0.0, 15.652173913043478] _ -1886364.751204
[133.04347826086956, 203.47826086956522] _ -1886351.499732
[7.826086956521739, 281.7391304347826] _ -1886365.282726
[62.608695652173914, 31.304347826086957] _ -1886345.689305
[164.34782608695653, 281.7391304347826] _ -1886361.288960
[7.826086956521739, 62.608695652173914] _ -1886363.041235
[109.56521739130434, 297.39130434782606] _ -1886346.985747
[180.0, 62.608695652173914] _ -1886364.751204
[180.0, 140.8695652173913] _ -1886364.751204
[23.47826086956522, 46.95652173913044] _ -1886357.791297
[46.95652173913044, 125.21739130434783] _ -1886353.917203
[62.608695652173914, 344.3478260869565] _ -1886355.169887
[31.304347826086957, 62.608695652173914] _ -1886353.763970
[148.69565217391303, 219.1304347826087] _ -1886355.087795
[54.78260869565217, 15.652173913043478] _ -1886351.021717
[140.8695652173913, 62.608695652173914] _ -1886358.847100
[125.21739130434783, 360.0] _ -1886358.402494
[39.130434782608695, 250.43478260869566] _ -1886358.672062
[23.47826086956522, 109.56521739130434] _ -1886359.214024
[148.69565217391303, 234.7826086956522] _ -1886354.024014
[172.17391304347825, 328.69565217391306] _ -1886364.449275
[78.26086956521739, 46.95652173913044] _ -1886340.079076
[133.04347826086956, 78.26086956521739] _ -1886355.117500
[7.826086956521739, 78.26086956521739] _ -1886363.088388
[156.52173913043478, 344.3478260869565] _ -1886363.619945
[93.91304347826087, 234.7826086956522] _ -1886338.908946
[140.8695652173913, 156.52173913043478] _ -1886359.708572
[54.78260869565217, 31.304347826086957] _ -1886347.627990
[164.34782608695653, 15.652173913043478] _ -1886365.221571
[54.78260869565217, 328.69565217391306] _ -1886357.048976
[70.43478260869566, 62.608695652173914] _ -1886338.706128
[7.826086956521739, 297.39130434782606] _ -1886365.099677
[15.652173913043478, 140.8695652173913] _ -1886363.302238
[70.43478260869566, 0.0] _ -1886352.219251
[156.52173913043478, 156.52173913043478] _ -1886362.554862
[31.304347826086957, 313.04347826086956] _ -1886362.020343
[101.73913043478261, 78.26086956521739] _ -1886341.253599
[125.21739130434783, 62.608695652173914] _ -1886351.522394
[46.95652173913044, 203.47826086956522] _ -1886358.672696
[156.52173913043478, 93.91304347826087] _ -1886363.779454
[86.08695652173913, 78.26086956521739] _ -1886338.011822
[148.69565217391303, 156.52173913043478] _ -1886361.195573
[148.69565217391303, 250.43478260869566] _ -1886353.712579
[180.0, 31.304347826086957] _ -1886364.751204
[62.608695652173914, 140.8695652173913] _ -1886354.017331
[15.652173913043478, 328.69565217391306] _ -1886363.948006
[70.43478260869566, 328.69565217391306] _ -1886354.636769
[172.17391304347825, 62.608695652173914] _ -1886365.514947
[7.826086956521739, 344.3478260869565] _ -1886364.255147
[70.43478260869566, 266.0869565217391] _ -1886344.759801
[70.43478260869566, 93.91304347826087] _ -1886340.975216
[101.73913043478261, 203.47826086956522] _ -1886346.083788
[7.826086956521739, 250.43478260869566] _ -1886365.494374
[7.826086956521739, 140.8695652173913] _ -1886364.261640
[86.08695652173913, 0.0] _ -1886352.115330
[15.652173913043478, 250.43478260869566] _ -1886365.214426
[109.56521739130434, 93.91304347826087] _ -1886345.794004
[164.34782608695653, 62.608695652173914] _ -1886365.266127
[180.0, 266.0869565217391] _ -1886364.751204
[140.8695652173913, 78.26086956521739] _ -1886358.639779
[0.0, 31.304347826086957] _ -1886364.751204
[156.52173913043478, 266.0869565217391] _ -1886357.713320
[70.43478260869566, 187.82608695652175] _ -1886354.052428
[101.73913043478261, 156.52173913043478] _ -1886354.183601
[133.04347826086956, 15.652173913043478] _ -1886359.355458
[78.26086956521739, 93.91304347826087] _ -1886340.172272
[54.78260869565217, 125.21739130434783] _ -1886351.932729
[109.56521739130434, 281.7391304347826] _ -1886342.740751
[15.652173913043478, 62.608695652173914] _ -1886360.512345
[78.26086956521739, 281.7391304347826] _ -1886344.768300
[93.91304347826087, 109.56521739130434] _ -1886345.028276
[109.56521739130434, 172.17391304347825] _ -1886353.527950
[180.0, 360.0] _ -1886364.751204
[125.21739130434783, 46.95652173913044] _ -1886352.879915
[54.78260869565217, 313.04347826086956] _ -1886356.484289
[172.17391304347825, 46.95652173913044] _ -1886365.513272
[78.26086956521739, 250.43478260869566] _ -1886341.026207
[0.0, 297.39130434782606] _ -1886364.751204
[23.47826086956522, 328.69565217391306] _ -1886362.922551
[125.21739130434783, 31.304347826086957] _ -1886354.972641
[46.95652173913044, 15.652173913043478] _ -1886352.948899
[62.608695652173914, 78.26086956521739] _ -1886340.588534
[78.26086956521739, 31.304347826086957] _ -1886343.900093
[101.73913043478261, 313.04347826086956] _ -1886350.639479
[148.69565217391303, 313.04347826086956] _ -1886359.412014