[39.130434782608695, 31.304347826086957] _ -3006.097628571966   
[101.73913043478261, 234.7826086956522] _ -3006.0771572412646   
[133.04347826086956, 125.21739130434783] _ -3006.0909270093466   
[180.0, 281.7391304347826] _ -3006.105290797918   
[140.8695652173913, 344.3478260869565] _ -3006.0917647547176   
[7.826086956521739, 62.608695652173914] _ -3006.103775223861   
[180.0, 156.52173913043478] _ -3006.105290797918   
[180.0, 266.0869565217391] _ -3006.105290797918   
[86.08695652173913, 344.3478260869565] _ -3006.0847749993527   
[125.21739130434783, 125.21739130434783] _ -3006.0852306368074   
[78.26086956521739, 219.1304347826087] _ -3006.085788752757   
[86.08695652173913, 328.69565217391306] _ -3006.077290535056   
[101.73913043478261, 31.304347826086957] _ -3006.088201159435   
[86.08695652173913, 31.304347826086957] _ -3006.0876147826198   
[180.0, 15.652173913043478] _ -3006.1052907979174   
[46.95652173913044, 313.04347826086956] _ -3006.092418148392   
[54.78260869565217, 234.7826086956522] _ -3006.088821680807   
[140.8695652173913, 297.39130434782606] _ -3006.0826443389674   
[23.47826086956522, 93.91304347826087] _ -3006.094390912321   
[93.91304347826087, 78.26086956521739] _ -3006.067112752427   
[101.73913043478261, 297.39130434782606] _ -3006.062791946951   
[46.95652173913044, 156.52173913043478] _ -3006.086421020073   
[180.0, 234.7826086956522] _ -3006.1052907979197   
[54.78260869565217, 281.7391304347826] _ -3006.0821355485036   
[172.17391304347825, 281.7391304347826] _ -3006.1028544099186   
[78.26086956521739, 62.608695652173914] _ -3006.07306420389   
[93.91304347826087, 344.3478260869565] _ -3006.083432785868   
[39.130434782608695, 281.7391304347826] _ -3006.09418750301   
[54.78260869565217, 187.82608695652175] _ -3006.092336317134   
[109.56521739130434, 93.91304347826087] _ -3006.070794459635   
[117.3913043478261, 328.69565217391306] _ -3006.0777293792185   
[101.73913043478261, 187.82608695652175] _ -3006.0921938418096   
[78.26086956521739, 203.47826086956522] _ -3006.089789317468   
[31.304347826086957, 234.7826086956522] _ -3006.0998188651406   
[54.78260869565217, 46.95652173913044] _ -3006.086989442071   
[86.08695652173913, 140.8695652173913] _ -3006.0717602800974   
[164.34782608695653, 344.3478260869565] _ -3006.101167201855   
[15.652173913043478, 297.39130434782606] _ -3006.105727298555   
[133.04347826086956, 156.52173913043478] _ -3006.097298781359   
[140.8695652173913, 219.1304347826087] _ -3006.0956361429667   
[86.08695652173913, 78.26086956521739] _ -3006.065804343023   
[140.8695652173913, 281.7391304347826] _ -3006.082239046626   
[164.34782608695653, 360.0] _ -3006.1021860869037   
[7.826086956521739, 46.95652173913044] _ -3006.104338496158   
[125.21739130434783, 15.652173913043478] _ -3006.0931951258503   
[7.826086956521739, 31.304347826086957] _ -3006.104916541726   
[140.8695652173913, 187.82608695652175] _ -3006.1014785556767   
[0.0, 234.7826086956522] _ -3006.105290797917   
[46.95652173913044, 360.0] _ -3006.099802796395   
[54.78260869565217, 360.0] _ -3006.097572541968   
[15.652173913043478, 344.3478260869565] _ -3006.1061568939417   
[86.08695652173913, 219.1304347826087] _ -3006.0848389480693   
[23.47826086956522, 78.26086956521739] _ -3006.0956716293686   
[125.21739130434783, 109.56521739130434] _ -3006.0826499929112   
[172.17391304347825, 109.56521739130434] _ -3006.106237292226   
[31.304347826086957, 281.7391304347826] _ -3006.0992035136874   
[86.08695652173913, 187.82608695652175] _ -3006.0902400919   
[31.304347826086957, 0.0] _ -3006.10364113492   
[78.26086956521739, 313.04347826086956] _ -3006.0728773264186   
[86.08695652173913, 266.0869565217391] _ -3006.0647621842795   
[101.73913043478261, 125.21739130434783] _ -3006.070011457697   
[93.91304347826087, 172.17391304347825] _ -3006.0877691524024   
[93.91304347826087, 297.39130434782606] _ -3006.0628867123314   
[172.17391304347825, 78.26086956521739] _ -3006.1058586432305   
[125.21739130434783, 360.0] _ -3006.090828491669   
[46.95652173913044, 297.39130434782606] _ -3006.0897034185004   
[109.56521739130434, 250.43478260869566] _ -3006.070793512056   
[7.826086956521739, 109.56521739130434] _ -3006.1027991464966   
[78.26086956521739, 297.39130434782606] _ -3006.067831701276   
[156.52173913043478, 187.82608695652175] _ -3006.1045312261726   
[133.04347826086956, 281.7391304347826] _ -3006.076219703315   
[70.43478260869566, 187.82608695652175] _ -3006.0902361731173   
[46.95652173913044, 93.91304347826087] _ -3006.0768093557394   
[93.91304347826087, 93.91304347826087] _ -3006.0632913181366   
[86.08695652173913, 125.21739130434783] _ -3006.065136584965   
[46.95652173913044, 203.47826086956522] _ -3006.0953410737816   
[101.73913043478261, 156.52173913043478] _ -3006.083509334567   
[7.826086956521739, 203.47826086956522] _ -3006.104701426498   
[172.17391304347825, 360.0] _ -3006.104031276092   
[62.608695652173914, 328.69565217391306] _ -3006.087291452661   
[172.17391304347825, 46.95652173913044] _ -3006.105279663849   
[164.34782608695653, 187.82608695652175] _ -3006.1053971779684   
[133.04347826086956, 328.69565217391306] _ -3006.0840325850104   
[172.17391304347825, 31.304347826086957] _ -3006.1049074545576   
[148.69565217391303, 46.95652173913044] _ -3006.1000122484857   
[39.130434782608695, 234.7826086956522] _ -3006.0964298372946   
[70.43478260869566, 0.0] _ -3006.0932142766183   
[70.43478260869566, 266.0869565217391] _ -3006.071884136049   
[70.43478260869566, 344.3478260869565] _ -3006.089414202591   
[156.52173913043478, 360.0] _ -3006.099919089516   
[70.43478260869566, 250.43478260869566] _ -3006.0761183565933   
[31.304347826086957, 297.39130434782606] _ -3006.100041417433   
[86.08695652173913, 313.04347826086956] _ -3006.0698630111137   
[46.95652173913044, 140.8695652173913] _ -3006.0817469689555   
[164.34782608695653, 281.7391304347826] _ -3006.0990255699708   
[46.95652173913044, 0.0] _ -3006.0998027963947   
[172.17391304347825, 125.21739130434783] _ -3006.106338277504   
[15.652173913043478, 250.43478260869566] _ -3006.104822137553   
[7.826086956521739, 281.7391304347826] _ -3006.1061621107397   
[133.04347826086956, 360.0] _ -3006.0927044434106   
[172.17391304347825, 140.8695652173913] _ -3006.106354194972   
[125.21739130434783, 266.0869565217391] _ -3006.072742690027   
[164.34782608695653, 140.8695652173913] _ -3006.106151471406   
[125.21739130434783, 328.69565217391306] _ -3006.0804960629325   
[0.0, 109.56521739130434] _ -3006.1052907979174   
[86.08695652173913, 109.56521739130434] _ -3006.0615309510454   
[46.95652173913044, 46.95652173913044] _ -3006.090088252111   
[117.3913043478261, 234.7826086956522] _ -3006.0806629915337   
[7.826086956521739, 140.8695652173913] _ -3006.103037991533   
[156.52173913043478, 203.47826086956522] _ -3006.103089785897   
[117.3913043478261, 219.1304347826087] _ -3006.0878666344283   
[133.04347826086956, 109.56521739130434] _ -3006.088827512997   
[15.652173913043478, 328.69565217391306] _ -3006.1062201305144   
[78.26086956521739, 328.69565217391306] _ -3006.0798858944563   
[140.8695652173913, 31.304347826086957] _ -3006.0976318065177   
[39.130434782608695, 344.3478260869565] _ -3006.1013598929753   
[93.91304347826087, 281.7391304347826] _ -3006.061140587456   
[31.304347826086957, 219.1304347826087] _ -3006.100086665508   
[0.0, 140.8695652173913] _ -3006.1052907979188   
[31.304347826086957, 172.17391304347825] _ -3006.096286567083   
[46.95652173913044, 187.82608695652175] _ -3006.0940822116595   
[93.91304347826087, 0.0] _ -3006.088924984686   
[23.47826086956522, 328.69565217391306] _ -3006.1049926598157   
[109.56521739130434, 62.608695652173914] _ -3006.078939713708   
[125.21739130434783, 172.17391304347825] _ -3006.0968630081397   
[156.52173913043478, 0.0] _ -3006.0999190895145   
[62.608695652173914, 281.7391304347826] _ -3006.076029246687   
[62.608695652173914, 203.47826086956522] _ -3006.0917538881854   
[125.21739130434783, 203.47826086956522] _ -3006.095163529221   
[148.69565217391303, 266.0869565217391] _ -3006.0895213964927   
[86.08695652173913, 250.43478260869566] _ -3006.0701993391913   
[148.69565217391303, 187.82608695652175] _ -3006.10318190526   
[156.52173913043478, 297.39130434782606] _ -3006.0941112739597   
[148.69565217391303, 15.652173913043478] _ -3006.099166972636   
[7.826086956521739, 266.0869565217391] _ -3006.1059719140408   
[15.652173913043478, 46.95652173913044] _ -3006.1024946293114   
[117.3913043478261, 78.26086956521739] _ -3006.0784987551715   
[148.69565217391303, 140.8695652173913] _ -3006.1020548053084   
[70.43478260869566, 109.56521739130434] _ -3006.063165246047   
[172.17391304347825, 156.52173913043478] _ -3006.1062593536376   
[140.8695652173913, 156.52173913043478] _ -3006.100576681227   
[15.652173913043478, 78.26086956521739] _ -3006.1000112094116   
[117.3913043478261, 31.304347826086957] _ -3006.0909363107307   
[15.652173913043478, 62.608695652173914] _ -3006.1011549239215   
[93.91304347826087, 234.7826086956522] _ -3006.0768894225107   
[148.69565217391303, 297.39130434782606] _ -3006.0885342909955   
[23.47826086956522, 109.56521739130434] _ -3006.093978493942   
[54.78260869565217, 266.0869565217391] _ -3006.0827671992106   
[86.08695652173913, 46.95652173913044] _ -3006.0809015789123   
[148.69565217391303, 328.69565217391306] _ -3006.0923286851207   
[23.47826086956522, 187.82608695652175] _ -3006.100646170478   
[62.608695652173914, 313.04347826086956] _ -3006.081858933054   
[46.95652173913044, 266.0869565217391] _ -3006.0886292743876   
[148.69565217391303, 78.26086956521739] _ -3006.0990974530228   
[86.08695652173913, 156.52173913043478] _ -3006.0797013900674   
[172.17391304347825, 15.652173913043478] _ -3006.104484483966   
[117.3913043478261, 93.91304347826087] _ -3006.0761956844126   
[125.21739130434783, 187.82608695652175] _ -3006.0975429265964   
[172.17391304347825, 62.608695652173914] _ -3006.105595570663   
[31.304347826086957, 78.26086956521739] _ -3006.0905909360877   
[109.56521739130434, 15.652173913043478] _ -3006.0908600704633   
[31.304347826086957, 187.82608695652175] _ -3006.0984099195716   
[140.8695652173913, 140.8695652173913] _ -3006.098427931136   
[180.0, 46.95652173913044] _ -3006.1052907979174   
[7.826086956521739, 250.43478260869566] _ -3006.105733362502   
[180.0, 172.17391304347825] _ -3006.105290797917   
[109.56521739130434, 234.7826086956522] _ -3006.07844082942   
[133.04347826086956, 203.47826086956522] _ -3006.0972117514907   
[15.652173913043478, 234.7826086956522] _ -3006.1045137308533   
[164.34782608695653, 93.91304347826087] _ -3006.1052416191255   
[78.26086956521739, 46.95652173913044] _ -3006.081235385108   
[7.826086956521739, 78.26086956521739] _ -3006.1032952896394   
[62.608695652173914, 172.17391304347825] _ -3006.08717188288   
[180.0, 187.82608695652175] _ -3006.1052907979174   
[78.26086956521739, 15.652173913043478] _ -3006.0919170778857   
[180.0, 93.91304347826087] _ -3006.1052907979174   
[31.304347826086957, 156.52173913043478] _ -3006.0936629644098   
[23.47826086956522, 62.608695652173914] _ -3006.0976248451143   
[54.78260869565217, 328.69565217391306] _ -3006.0915467514656   
[133.04347826086956, 297.39130434782606] _ -3006.07687030626   
[156.52173913043478, 219.1304347826087] _ -3006.101055800044   
[78.26086956521739, 360.0] _ -3006.0913666403876   
[54.78260869565217, 203.47826086956522] _ -3006.0933856486618   
[172.17391304347825, 344.3478260869565] _ -3006.1035848609467   
[54.78260869565217, 156.52173913043478] _ -3006.083401351189   
[117.3913043478261, 266.0869565217391] _ -3006.068364071288   
[23.47826086956522, 31.304347826086957] _ -3006.1021297707284   
[0.0, 156.52173913043478] _ -3006.105290797918   
[148.69565217391303, 203.47826086956522] _ -3006.101332301391   
[70.43478260869566, 31.304347826086957] _ -3006.0893028887062   
[148.69565217391303, 281.7391304347826] _ -3006.0883381132885   
[133.04347826086956, 187.82608695652175] _ -3006.099555187075   
[140.8695652173913, 109.56521739130434] _ -3006.094608287021   
[62.608695652173914, 31.304347826086957] _ -3006.0909108075043   
[164.34782608695653, 125.21739130434783] _ -3006.105890099819   
[133.04347826086956, 140.8695652173913] _ -3006.0940680628305   
[101.73913043478261, 93.91304347826087] _ -3006.0663839149474   
[140.8695652173913, 62.608695652173914] _ -3006.095754754951   
[46.95652173913044, 109.56521739130434] _ -3006.0762450795223   
[156.52173913043478, 62.608695652173914] _ -3006.102613345717   
[0.0, 250.43478260869566] _ -3006.105290797918   
[23.47826086956522, 281.7391304347826] _ -3006.1030275659577   
[0.0, 93.91304347826087] _ -3006.1052907979165   
[7.826086956521739, 156.52173913043478] _ -3006.103379434086   
[39.130434782608695, 15.652173913043478] _ -3006.100619779348   
[133.04347826086956, 219.1304347826087] _ -3006.092787643332   
[15.652173913043478, 172.17391304347825] _ -3006.101682627545   
[39.130434782608695, 172.17391304347825] _ -3006.093475043997   
[140.8695652173913, 93.91304347826087] _ -3006.0940465861117   
[172.17391304347825, 93.91304347826087] _ -3006.106073245358   
[7.826086956521739, 125.21739130434783] _ -3006.102831596958   
[78.26086956521739, 140.8695652173913] _ -3006.0713834125995   
[156.52173913043478, 93.91304347826087] _ -3006.1028390272036   
[133.04347826086956, 172.17391304347825] _ -3006.0994536380977   
[180.0, 31.304347826086957] _ -3006.105290797916   
[39.130434782608695, 297.39130434782606] _ -3006.0952931897464   
[93.91304347826087, 109.56521739130434] _ -3006.0632189858693   
[15.652173913043478, 313.04347826086956] _ -3006.1060362622407   
[46.95652173913044, 344.3478260869565] _ -3006.098581500408   
[109.56521739130434, 46.95652173913044] _ -3006.0848172127107   
[7.826086956521739, 219.1304347826087] _ -3006.1051005490604   
[133.04347826086956, 31.304347826086957] _ -3006.095223436048   
[86.08695652173913, 203.47826086956522] _ -3006.0895438761077   
[125.21739130434783, 297.39130434782606] _ -3006.071640247933   
[93.91304347826087, 266.0869565217391] _ -3006.0633209824728   
[109.56521739130434, 78.26086956521739] _ -3006.073702135389   
[125.21739130434783, 62.608695652173914] _ -3006.0870237102536   
[164.34782608695653, 313.04347826086956] _ -3006.0993979204945   
[172.17391304347825, 234.7826086956522] _ -3006.1040506433233   
[117.3913043478261, 313.04347826086956] _ -3006.07153357865   
[70.43478260869566, 313.04347826086956] _ -3006.0769787606105   
[54.78260869565217, 250.43478260869566] _ -3006.0853079824524   
[172.17391304347825, 266.0869565217391] _ -3006.1031056041825   
[133.04347826086956, 250.43478260869566] _ -3006.081944501775   
[164.34782608695653, 266.0869565217391] _ -3006.0995695571205   
[93.91304347826087, 250.43478260869566] _ -3006.069049367666   
[125.21739130434783, 93.91304347826087] _ -3006.082179643936   
[125.21739130434783, 156.52173913043478] _ -3006.0936829626858   
[117.3913043478261, 109.56521739130434] _ -3006.0765569601986   
[117.3913043478261, 46.95652173913044] _ -3006.0874629291225   
[78.26086956521739, 109.56521739130434] _ -3006.0615152542355   
[78.26086956521739, 266.0869565217391] _ -3006.067687963055   
[0.0, 219.1304347826087] _ -3006.105290797917   
[39.130434782608695, 78.26086956521739] _ -3006.08514390019   
[86.08695652173913, 62.608695652173914] _ -3006.0728368779432   
[7.826086956521739, 297.39130434782606] _ -3006.1062968668152   
[15.652173913043478, 360.0] _ -3006.105747004495   
[101.73913043478261, 344.3478260869565] _ -3006.0828867922946   
[101.73913043478261, 46.95652173913044] _ -3006.0827588265897   
[31.304347826086957, 125.21739130434783] _ -3006.0891223384624   
[15.652173913043478, 266.0869565217391] _ -3006.105096858699   
[15.652173913043478, 187.82608695652175] _ -3006.102660991177   
[31.304347826086957, 140.8695652173913] _ -3006.0910795870363   
[140.8695652173913, 328.69565217391306] _ -3006.088077476361   
[31.304347826086957, 313.04347826086956] _ -3006.101344051277   
[117.3913043478261, 250.43478260869566] _ -3006.0735706671057   
[15.652173913043478, 125.21739130434783] _ -3006.099134080791   
[140.8695652173913, 250.43478260869566] _ -3006.086916988371   
[164.34782608695653, 156.52173913043478] _ -3006.106226659947   
[172.17391304347825, 313.04347826086956] _ -3006.102915057335   
[93.91304347826087, 15.652173913043478] _ -3006.090446155422   
[23.47826086956522, 313.04347826086956] _ -3006.1043310707078   
[164.34782608695653, 109.56521739130434] _ -3006.1055597836926   
[46.95652173913044, 172.17391304347825] _ -3006.090896474888   
[23.47826086956522, 234.7826086956522] _ -3006.1025853508663   
[125.21739130434783, 140.8695652173913] _ -3006.0893035516556   
[7.826086956521739, 0.0] _ -3006.10586902731   
[133.04347826086956, 93.91304347826087] _ -3006.0882871089825   
[23.47826086956522, 15.652173913043478] _ -3006.1038989730173   
[172.17391304347825, 328.69565217391306] _ -3006.1031948898094   
[62.608695652173914, 344.3478260869565] _ -3006.0923849703613   
[133.04347826086956, 46.95652173913044] _ -3006.093784902488   
[93.91304347826087, 62.608695652173914] _ -3006.0738023960416   
[180.0, 360.0] _ -3006.105290797916   
[117.3913043478261, 297.39130434782606] _ -3006.0673477279993   
[109.56521739130434, 203.47826086956522] _ -3006.0917354200474   
[117.3913043478261, 15.652173913043478] _ -3006.0918019564824   
[109.56521739130434, 31.304347826086957] _ -3006.0893262259465   
[62.608695652173914, 125.21739130434783] _ -3006.0691102139094   
[109.56521739130434, 0.0] _ -3006.0886752930674   
[0.0, 187.82608695652175] _ -3006.1052907979183   
[31.304347826086957, 250.43478260869566] _ -3006.099304175901   
[70.43478260869566, 297.39130434782606] _ -3006.072326564191   
[70.43478260869566, 360.0] _ -3006.093214276619   
[70.43478260869566, 328.69565217391306] _ -3006.0833039401728   
[46.95652173913044, 125.21739130434783] _ -3006.0780502474236   
[54.78260869565217, 0.0] _ -3006.097572541969   
[101.73913043478261, 313.04347826086956] _ -3006.067875306039   
[148.69565217391303, 0.0] _ -3006.097438195116   
[46.95652173913044, 15.652173913043478] _ -3006.098683863076   
[54.78260869565217, 93.91304347826087] _ -3006.071373484818   
[109.56521739130434, 125.21739130434783] _ -3006.074351873339   
[7.826086956521739, 328.69565217391306] _ -3006.1063221306763   
[15.652173913043478, 93.91304347826087] _ -3006.0992374272046   
[23.47826086956522, 156.52173913043478] _ -3006.09733484991   
[93.91304347826087, 360.0] _ -3006.088924984685   
[117.3913043478261, 203.47826086956522] _ -3006.093302417301   
[164.34782608695653, 62.608695652173914] _ -3006.1046771463616   
[133.04347826086956, 0.0] _ -3006.0927044434106   
[140.8695652173913, 46.95652173913044] _ -3006.097027144457   
[180.0, 78.26086956521739] _ -3006.1052907979174   
[172.17391304347825, 203.47826086956522] _ -3006.105190135783   
[78.26086956521739, 187.82608695652175] _ -3006.089974526039   
[117.3913043478261, 344.3478260869565] _ -3006.084314876454   
[78.26086956521739, 93.91304347826087] _ -3006.0618486876797   
[39.130434782608695, 46.95652173913044] _ -3006.093447347733   
[148.69565217391303, 360.0] _ -3006.097438195114   
[109.56521739130434, 219.1304347826087] _ -3006.086121431781   
[140.8695652173913, 266.0869565217391] _ -3006.0837343503376   
[31.304347826086957, 344.3478260869565] _ -3006.1036523847133   
[156.52173913043478, 266.0869565217391] _ -3006.094931059541   
[125.21739130434783, 219.1304347826087] _ -3006.090136765834   
[62.608695652173914, 219.1304347826087] _ -3006.0894546808254   
[23.47826086956522, 360.0] _ -3006.104972819135   
[86.08695652173913, 234.7826086956522] _ -3006.077644835005   
[86.08695652173913, 360.0] _ -3006.08990444164   
[86.08695652173913, 172.17391304347825] _ -3006.0865941523416   
[117.3913043478261, 187.82608695652175] _ -3006.0955676563012   
[148.69565217391303, 234.7826086956522] _ -3006.095111798677   
[15.652173913043478, 219.1304347826087] _ -3006.1040891708676   
[180.0, 140.8695652173913] _ -3006.1052907979188   
[62.608695652173914, 15.652173913043478] _ -3006.0948857525213   
[101.73913043478261, 140.8695652173913] _ -3006.0762480446365   
[101.73913043478261, 15.652173913043478] _ -3006.0904058867095   
[78.26086956521739, 156.52173913043478] _ -3006.0791779042843   
[86.08695652173913, 0.0] _ -3006.089904441639   
[164.34782608695653, 297.39130434782606] _ -3006.0989773521346   
[62.608695652173914, 266.0869565217391] _ -3006.077039847173   
[39.130434782608695, 0.0] _ -3006.1018729788407   
[0.0, 344.3478260869565] _ -3006.1052907979165   
[54.78260869565217, 125.21739130434783] _ -3006.0731242714724   
[78.26086956521739, 0.0] _ -3006.0913666403862   
[15.652173913043478, 140.8695652173913] _ -3006.099753155059   
[148.69565217391303, 125.21739130434783] _ -3006.1006543694652   
[140.8695652173913, 0.0] _ -3006.094964580951   
[78.26086956521739, 78.26086956521739] _ -3006.065982237516   
[0.0, 328.69565217391306] _ -3006.1052907979197   
[70.43478260869566, 203.47826086956522] _ -3006.0905357802626   
[180.0, 328.69565217391306] _ -3006.105290797918   
[0.0, 62.608695652173914] _ -3006.105290797918   
[156.52173913043478, 313.04347826086956] _ -3006.09498498287   
[180.0, 297.39130434782606] _ -3006.1052907979188   
[62.608695652173914, 360.0] _ -3006.095328154073   
[140.8695652173913, 203.47826086956522] _ -3006.0993179874013   
[117.3913043478261, 125.21739130434783] _ -3006.0795582111496   
[7.826086956521739, 172.17391304347825] _ -3006.1038043304243   
[54.78260869565217, 15.652173913043478] _ -3006.096732444583   
[46.95652173913044, 250.43478260869566] _ -3006.0903129978715   
[78.26086956521739, 281.7391304347826] _ -3006.065969410143   
[125.21739130434783, 281.7391304347826] _ -3006.07072808546   
[148.69565217391303, 313.04347826086956] _ -3006.089988890229   
[93.91304347826087, 313.04347826086956] _ -3006.068156022097   
[117.3913043478261, 172.17391304347825] _ -3006.09422418008   
[133.04347826086956, 62.608695652173914] _ -3006.091469643108   
[31.304347826086957, 328.69565217391306] _ -3006.1027220264555   
[164.34782608695653, 15.652173913043478] _ -3006.103094655151   
[133.04347826086956, 266.0869565217391] _ -3006.0779982242548   
[109.56521739130434, 328.69565217391306] _ -3006.075934996595   
[0.0, 266.0869565217391] _ -3006.105290797921   
[70.43478260869566, 281.7391304347826] _ -3006.070500895897   
[93.91304347826087, 187.82608695652175] _ -3006.090998787878   
[101.73913043478261, 203.47826086956522] _ -3006.0905477867454   
[15.652173913043478, 31.304347826086957] _ -3006.1038245372315   
[156.52173913043478, 125.21739130434783] _ -3006.10395749154   
[164.34782608695653, 172.17391304347825] _ -3006.1059994583998   
[172.17391304347825, 172.17391304347825] _ -3006.1060335046145   
[140.8695652173913, 125.21739130434783] _ -3006.096202752241   
[164.34782608695653, 0.0] _ -3006.1021860869055   
[180.0, 125.21739130434783] _ -3006.105290797919   
[156.52173913043478, 344.3478260869565] _ -3006.098227964937   
[0.0, 125.21739130434783] _ -3006.1052907979183   
[62.608695652173914, 78.26086956521739] _ -3006.070641257791   
[7.826086956521739, 360.0] _ -3006.10586902731   
[101.73913043478261, 250.43478260869566] _ -3006.0692506451237   
[15.652173913043478, 203.47826086956522] _ -3006.1034788617403   
[0.0, 0.0] _ -3006.105290797917   
[156.52173913043478, 281.7391304347826] _ -3006.094070652082   
[0.0, 46.95652173913044] _ -3006.1052907979165   
[7.826086956521739, 234.7826086956522] _ -3006.1054445578798   
[39.130434782608695, 109.56521739130434] _ -3006.082206458046   
[148.69565217391303, 219.1304347826087] _ -3006.0984686577926   
[172.17391304347825, 250.43478260869566] _ -3006.103520798532   
[31.304347826086957, 62.608695652173914] _ -3006.0934545378686   
[93.91304347826087, 219.1304347826087] _ -3006.084569562215   
[0.0, 172.17391304347825] _ -3006.105290797916   
[133.04347826086956, 78.26086956521739] _ -3006.089330515916   
[125.21739130434783, 46.95652173913044] _ -3006.0905210014034   
[54.78260869565217, 344.3478260869565] _ -3006.095516166787   
[101.73913043478261, 109.56521739130434] _ -3006.066460847535   
[39.130434782608695, 156.52173913043478] _ -3006.089929369021   
[101.73913043478261, 172.17391304347825] _ -3006.0895171488573   
[156.52173913043478, 31.304347826086957] _ -3006.1021159032075   
[180.0, 250.43478260869566] _ -3006.105290797917   
[140.8695652173913, 15.652173913043478] _ -3006.0970085827307   
[101.73913043478261, 78.26086956521739] _ -3006.0698111861243   
[156.52173913043478, 78.26086956521739] _ -3006.102652515185   
[46.95652173913044, 328.69565217391306] _ -3006.095744162405   
[156.52173913043478, 15.652173913043478] _ -3006.1012609996765   
[86.08695652173913, 297.39130434782606] _ -3006.0646066217064   
[0.0, 78.26086956521739] _ -3006.105290797917   
[101.73913043478261, 62.608695652173914] _ -3006.0758867375075   
[39.130434782608695, 313.04347826086956] _ -3006.0972750047076   
[93.91304347826087, 31.304347826086957] _ -3006.0876206137273   
[62.608695652173914, 46.95652173913044] _ -3006.0843729538556   
[54.78260869565217, 172.17391304347825] _ -3006.088746116018   
[23.47826086956522, 140.8695652173913] _ -3006.095668800434   
[31.304347826086957, 203.47826086956522] _ -3006.0996934677114   
[70.43478260869566, 219.1304347826087] _ -3006.087359185583   
[133.04347826086956, 313.04347826086956] _ -3006.079710182517   
[46.95652173913044, 62.608695652173914] _ -3006.084503307361   
[39.130434782608695, 62.608695652173914] _ -3006.0889655455826   
[39.130434782608695, 219.1304347826087] _ -3006.097454701537   
[180.0, 344.3478260869565] _ -3006.1052907979174   
[164.34782608695653, 234.7826086956522] _ -3006.1018129142158   
[7.826086956521739, 187.82608695652175] _ -3006.104259713105   
[46.95652173913044, 219.1304347826087] _ -3006.0946741492776   
[23.47826086956522, 297.39130434782606] _ -3006.1035998680973   
[78.26086956521739, 250.43478260869566] _ -3006.072614317064   
[46.95652173913044, 78.26086956521739] _ -3006.0797375893303   
[15.652173913043478, 109.56521739130434] _ -3006.098939098033   
[93.91304347826087, 156.52173913043478] _ -3006.081180445173   
[78.26086956521739, 234.7826086956522] _ -3006.079364196497   
[54.78260869565217, 109.56521739130434] _ -3006.070823410178   
[7.826086956521739, 344.3478260869565] _ -3006.10616358353   
[109.56521739130434, 313.04347826086956] _ -3006.069032659186   
[156.52173913043478, 250.43478260869566] _ -3006.096582619806   
[164.34782608695653, 46.95652173913044] _ -3006.1043210718212   
[39.130434782608695, 93.91304347826087] _ -3006.082752965543   
[180.0, 313.04347826086956] _ -3006.105290797917   
[23.47826086956522, 266.0869565217391] _ -3006.102717395469   
[39.130434782608695, 125.21739130434783] _ -3006.083517978294   
[180.0, 203.47826086956522] _ -3006.105290797916   
[62.608695652173914, 0.0] _ -3006.095328154071   
[70.43478260869566, 93.91304347826087] _ -3006.063597731491   
[54.78260869565217, 140.8695652173913] _ -3006.077695622577   
[180.0, 219.1304347826087] _ -3006.105290797917   
[46.95652173913044, 31.304347826086957] _ -3006.0952093214332   
[133.04347826086956, 344.3478260869565] _ -3006.0887585529686   
[109.56521739130434, 172.17391304347825] _ -3006.0917185404837   
[62.608695652173914, 187.82608695652175] _ -3006.0910321625433   
[0.0, 15.652173913043478] _ -3006.105290797916   
[156.52173913043478, 156.52173913043478] _ -3006.1052063227066   
[46.95652173913044, 281.7391304347826] _ -3006.0883490639803   
[164.34782608695653, 219.1304347826087] _ -3006.1031736654686   
[140.8695652173913, 313.04347826086956] _ -3006.0847698872253   
[23.47826086956522, 344.3478260869565] _ -3006.1052933378423   
[0.0, 360.0] _ -3006.105290797919   
[140.8695652173913, 78.26086956521739] _ -3006.0945457722855   
[39.130434782608695, 187.82608695652175] _ -3006.096158524215   
[133.04347826086956, 234.7826086956522] _ -3006.0872713310832   
[70.43478260869566, 172.17391304347825] _ -3006.086268444487   
[164.34782608695653, 328.69565217391306] _ -3006.100180721159   
[101.73913043478261, 328.69565217391306] _ -3006.075243418206   
[180.0, 62.608695652173914] _ -3006.1052907979188   
[54.78260869565217, 313.04347826086956] _ -3006.087142638563   
[31.304347826086957, 93.91304347826087] _ -3006.088760698299   
[7.826086956521739, 93.91304347826087] _ -3006.1029573138185   
[93.91304347826087, 125.21739130434783] _ -3006.0668630202667   
[164.34782608695653, 78.26086956521739] _ -3006.1049591044384   
[148.69565217391303, 344.3478260869565] _ -3006.095006591219   
[140.8695652173913, 360.0] _ -3006.0949645809505   
[39.130434782608695, 140.8695652173913] _ -3006.086321675944   
[70.43478260869566, 125.21739130434783] _ -3006.0663138499726   
[7.826086956521739, 15.652173913043478] _ -3006.1054437221724   
[109.56521739130434, 140.8695652173913] _ -3006.08003652645   
[125.21739130434783, 344.3478260869565] _ -3006.086214949562   
[78.26086956521739, 172.17391304347825] _ -3006.086077849453   
[15.652173913043478, 15.652173913043478] _ -3006.1049532247375   
[7.826086956521739, 313.04347826086956] _ -3006.106358485685   
[101.73913043478261, 0.0] _ -3006.0885005287005   
[101.73913043478261, 360.0] _ -3006.088500528704   
[39.130434782608695, 360.0] _ -3006.1018729788407   
[125.21739130434783, 250.43478260869566] _ -3006.077381554405   
[101.73913043478261, 266.0869565217391] _ -3006.0634687922616   
[78.26086956521739, 125.21739130434783] _ -3006.0649522458352   
[117.3913043478261, 156.52173913043478] _ -3006.0899986824606   
[140.8695652173913, 234.7826086956522] _ -3006.0911823124984   
[133.04347826086956, 15.652173913043478] _ -3006.094967782679   
[109.56521739130434, 297.39130434782606] _ -3006.0643200720747   
[62.608695652173914, 109.56521739130434] _ -3006.066349846347   
[70.43478260869566, 15.652173913043478] _ -3006.0932500216445   
[54.78260869565217, 31.304347826086957] _ -3006.092919739794   
[125.21739130434783, 234.7826086956522] _ -3006.083676909481   
[148.69565217391303, 156.52173913043478] _ -3006.103276944176   
[156.52173913043478, 172.17391304347825] _ -3006.1052229786806   
[172.17391304347825, 297.39130434782606] _ -3006.102791978488   
[62.608695652173914, 297.39130434782606] _ -3006.0777547478324   
[172.17391304347825, 219.1304347826087] _ -3006.1046299942486   
[117.3913043478261, 62.608695652173914] _ -3006.0827432525853   
[23.47826086956522, 0.0] _ -3006.104972819134   
[125.21739130434783, 31.304347826086957] _ -3006.0929419556596   
[23.47826086956522, 250.43478260869566] _ -3006.1026260859744   
[54.78260869565217, 62.608695652173914] _ -3006.0804072051183   
[125.21739130434783, 313.04347826086956] _ -3006.0751850153597   
[0.0, 281.7391304347826] _ -3006.105290797915   
[23.47826086956522, 125.21739130434783] _ -3006.094454845694   
[164.34782608695653, 31.304347826086957] _ -3006.103810057679   
[31.304347826086957, 109.56521739130434] _ -3006.0882648796423   
[62.608695652173914, 250.43478260869566] _ -3006.0804560492948   
[31.304347826086957, 46.95652173913044] _ -3006.0968117098305   
[109.56521739130434, 266.0869565217391] _ -3006.0651930975923   
[39.130434782608695, 203.47826086956522] _ -3006.097496002761   
[156.52173913043478, 140.8695652173913] _ -3006.1046882953683   
[62.608695652173914, 62.608695652173914] _ -3006.0769824145536   
[39.130434782608695, 266.0869565217391] _ -3006.094176977836   
[164.34782608695653, 250.43478260869566] _ -3006.1005464494415   
[172.17391304347825, 0.0] _ -3006.1040312760915   
[109.56521739130434, 156.52173913043478] _ -3006.0865216731813   
[125.21739130434783, 78.26086956521739] _ -3006.083842832322   
[15.652173913043478, 0.0] _ -3006.1057470044975   
[117.3913043478261, 281.7391304347826] _ -3006.0661781956283   
[93.91304347826087, 140.8695652173913] _ -3006.0734206246866   
[109.56521739130434, 187.82608695652175] _ -3006.093748341536   
[86.08695652173913, 15.652173913043478] _ -3006.0909629617936   
[70.43478260869566, 46.95652173913044] _ -3006.0824143583804   
[93.91304347826087, 328.69565217391306] _ -3006.0757056655207   
[86.08695652173913, 93.91304347826087] _ -3006.061742627888   
[31.304347826086957, 31.304347826086957] _ -3006.1000000574754   
[156.52173913043478, 46.95652173913044] _ -3006.1025116933592   
[31.304347826086957, 15.652173913043478] _ -3006.102406277893   
[156.52173913043478, 328.69565217391306] _ -3006.0964667059875   
[101.73913043478261, 281.7391304347826] _ -3006.0611920297774   
[23.47826086956522, 172.17391304347825] _ -3006.099102400212   
[148.69565217391303, 172.17391304347825] _ -3006.1037889840763   
[109.56521739130434, 281.7391304347826] _ -3006.0629161382017   
[101.73913043478261, 219.1304347826087] _ -3006.0850028161235   
[93.91304347826087, 46.95652173913044] _ -3006.0814233601386   
[39.130434782608695, 328.69565217391306] _ -3006.0995639408798   
[46.95652173913044, 234.7826086956522] _ -3006.092672529387   
[62.608695652173914, 234.7826086956522] _ -3006.0851533812197   
[54.78260869565217, 219.1304347826087] _ -3006.0919461000462   
[62.608695652173914, 140.8695652173913] _ -3006.074469842402   
[148.69565217391303, 62.608695652173914] _ -3006.099563212155   
[180.0, 109.56521739130434] _ -3006.105290797918   
[125.21739130434783, 0.0] _ -3006.090828491667   
[62.608695652173914, 93.91304347826087] _ -3006.0668553410455   
[70.43478260869566, 78.26086956521739] _ -3006.067634737635   
[117.3913043478261, 360.0] _ -3006.089460664892   
[109.56521739130434, 109.56521739130434] _ -3006.07102012988   
[31.304347826086957, 266.0869565217391] _ -3006.09899060179   
[180.0, 0.0] _ -3006.105290797917   
[148.69565217391303, 109.56521739130434] _ -3006.0995483562324   
[15.652173913043478, 156.52173913043478] _ -3006.100659410871   
[78.26086956521739, 344.3478260869565] _ -3006.086816504998   
[23.47826086956522, 219.1304347826087] _ -3006.1023634216426   
[39.130434782608695, 250.43478260869566] _ -3006.0950969383125   
[70.43478260869566, 234.7826086956522] _ -3006.081926131766   
[117.3913043478261, 0.0] _ -3006.089460664892   
[70.43478260869566, 62.608695652173914] _ -3006.074476695955   
[148.69565217391303, 31.304347826086957] _ -3006.099992830745   
[15.652173913043478, 281.7391304347826] _ -3006.1053962481596   
[164.34782608695653, 203.47826086956522] _ -3006.1044241683253   
[172.17391304347825, 187.82608695652175] _ -3006.1056714814645   
[54.78260869565217, 297.39130434782606] _ -3006.0837011053104   
[23.47826086956522, 46.95652173913044] _ -3006.0999130506048   
[23.47826086956522, 203.47826086956522] _ -3006.1017513792476   
[109.56521739130434, 344.3478260869565] _ -3006.0831834925334   
[148.69565217391303, 250.43478260869566] _ -3006.091922704841   
[156.52173913043478, 109.56521739130434] _ -3006.103284010124   
[31.304347826086957, 360.0] _ -3006.103641134922   
[70.43478260869566, 156.52173913043478] _ -3006.079650215345   
[70.43478260869566, 140.8695652173913] _ -3006.072311252144   
[0.0, 297.39130434782606] _ -3006.1052907979183   
[0.0, 203.47826086956522] _ -3006.105290797919   
[109.56521739130434, 360.0] _ -3006.088675293062   
[62.608695652173914, 156.52173913043478] _ -3006.0810902854823   
[140.8695652173913, 172.17391304347825] _ -3006.1018174070086   
[0.0, 313.04347826086956] _ -3006.1052907979183   
[0.0, 31.304347826086957] _ -3006.1052907979165   
[54.78260869565217, 78.26086956521739] _ -3006.074778881379   
[78.26086956521739, 31.304347826086957] _ -3006.0881848808763   
[93.91304347826087, 203.47826086956522] _ -3006.089803263316   
[156.52173913043478, 234.7826086956522] _ -3006.098751952996   
[148.69565217391303, 93.91304347826087] _ -3006.0990190714706   
[86.08695652173913, 281.7391304347826] _ -3006.0627715541864   
[117.3913043478261, 140.8695652173913] _ -3006.08450232898   