[78.26086956521739, 125.21739130434783] _ -3006.0900873411774   
[15.652173913043478, 360.0] _ -3006.1124919767394   
[15.652173913043478, 203.47826086956522] _ -3006.116730475409   
[156.52173913043478, 140.8695652173913] _ -3006.1133988400456   
[148.69565217391303, 15.652173913043478] _ -3006.113401557759   
[93.91304347826087, 140.8695652173913] _ -3006.0961857050884   
[109.56521739130434, 140.8695652173913] _ -3006.0987985704287   
[93.91304347826087, 266.0869565217391] _ -3006.074643137595   
[140.8695652173913, 187.82608695652175] _ -3006.1024136078713   
[15.652173913043478, 172.17391304347825] _ -3006.115747741671   
[164.34782608695653, 172.17391304347825] _ -3006.1130685004246   
[93.91304347826087, 46.95652173913044] _ -3006.078736422234   
[70.43478260869566, 281.7391304347826] _ -3006.0877773374614   
[117.3913043478261, 297.39130434782606] _ -3006.089546111617   
[101.73913043478261, 15.652173913043478] _ -3006.0936394423247   
[39.130434782608695, 328.69565217391306] _ -3006.1084370674525   
[86.08695652173913, 93.91304347826087] _ -3006.0768746877743   
[39.130434782608695, 187.82608695652175] _ -3006.110995334683   
[180.0, 172.17391304347825] _ -3006.115850456692   
[125.21739130434783, 15.652173913043478] _ -3006.10362224439   
[62.608695652173914, 234.7826086956522] _ -3006.089793684552   
[172.17391304347825, 297.39130434782606] _ -3006.114180216758   
[93.91304347826087, 156.52173913043478] _ -3006.0986530510695   
[7.826086956521739, 313.04347826086956] _ -3006.116029940573   
[70.43478260869566, 313.04347826086956] _ -3006.0972233193056   
[62.608695652173914, 93.91304347826087] _ -3006.080622979302   
[101.73913043478261, 62.608695652173914] _ -3006.0785450821436   
[39.130434782608695, 219.1304347826087] _ -3006.108381751586   
[148.69565217391303, 360.0] _ -3006.113342854615   
[156.52173913043478, 281.7391304347826] _ -3006.1060719789443   
[86.08695652173913, 46.95652173913044] _ -3006.076893422959   
[172.17391304347825, 31.304347826086957] _ -3006.1169596581617   
[7.826086956521739, 234.7826086956522] _ -3006.1170781160445   
[23.47826086956522, 93.91304347826087] _ -3006.105262979728   
[172.17391304347825, 78.26086956521739] _ -3006.116980909025   
[156.52173913043478, 109.56521739130434] _ -3006.1142181246814   
[0.0, 0.0] _ -3006.115850456693   
[125.21739130434783, 156.52173913043478] _ -3006.103237524605   
[125.21739130434783, 344.3478260869565] _ -3006.105638014651   
[93.91304347826087, 187.82608695652175] _ -3006.0931290542376   
[86.08695652173913, 172.17391304347825] _ -3006.0983237449786   
[156.52173913043478, 328.69565217391306] _ -3006.1124101453092   
[39.130434782608695, 234.7826086956522] _ -3006.106933890649   
[15.652173913043478, 313.04347826086956] _ -3006.1153014486954   
[133.04347826086956, 281.7391304347826] _ -3006.0911957234284   
[109.56521739130434, 156.52173913043478] _ -3006.099926922446   
[148.69565217391303, 203.47826086956522] _ -3006.102951461773   
[78.26086956521739, 15.652173913043478] _ -3006.0895533980506   
[46.95652173913044, 219.1304347826087] _ -3006.1036541701665   
[62.608695652173914, 109.56521739130434] _ -3006.086270106246   
[93.91304347826087, 15.652173913043478] _ -3006.091398850893   
[109.56521739130434, 0.0] _ -3006.1004788899445   
[46.95652173913044, 250.43478260869566] _ -3006.100484559828   
[78.26086956521739, 109.56521739130434] _ -3006.0829604373635   
[101.73913043478261, 266.0869565217391] _ -3006.0744355694796   
[140.8695652173913, 0.0] _ -3006.1110953051407   
[109.56521739130434, 62.608695652173914] _ -3006.0831859676823   
[164.34782608695653, 219.1304347826087] _ -3006.1098136113087   
[31.304347826086957, 297.39130434782606] _ -3006.111501178886   
[78.26086956521739, 313.04347826086956] _ -3006.0952008294676   
[133.04347826086956, 360.0] _ -3006.108495608756   
[125.21739130434783, 219.1304347826087] _ -3006.0860947634633   
[15.652173913043478, 234.7826086956522] _ -3006.116741029595   
[125.21739130434783, 328.69565217391306] _ -3006.1030186900134   
[164.34782608695653, 46.95652173913044] _ -3006.1167920181056   
[54.78260869565217, 281.7391304347826] _ -3006.097299839672   
[125.21739130434783, 250.43478260869566] _ -3006.081134228508   
[172.17391304347825, 313.04347826086956] _ -3006.1147669898214   
[117.3913043478261, 125.21739130434783] _ -3006.098186252455   
[54.78260869565217, 0.0] _ -3006.0989264862437   
[70.43478260869566, 78.26086956521739] _ -3006.074421863861   
[125.21739130434783, 78.26086956521739] _ -3006.0944625006737   
[31.304347826086957, 360.0] _ -3006.107065859488   
[101.73913043478261, 250.43478260869566] _ -3006.0725227584967   
[180.0, 125.21739130434783] _ -3006.115850456693   
[0.0, 46.95652173913044] _ -3006.1158504566943   
[172.17391304347825, 156.52173913043478] _ -3006.115323415819   
[101.73913043478261, 140.8695652173913] _ -3006.0971950211983   
[172.17391304347825, 125.21739130434783] _ -3006.1162282907476   
[156.52173913043478, 125.21739130434783] _ -3006.113980521177   
[39.130434782608695, 156.52173913043478] _ -3006.109179350703   
[117.3913043478261, 266.0869565217391] _ -3006.07861888856   
[31.304347826086957, 203.47826086956522] _ -3006.113147471073   
[54.78260869565217, 78.26086956521739] _ -3006.081564603658   
[54.78260869565217, 140.8695652173913] _ -3006.1008661503   
[156.52173913043478, 360.0] _ -3006.1150641501536   
[70.43478260869566, 140.8695652173913] _ -3006.097143925576   
[140.8695652173913, 125.21739130434783] _ -3006.1085351831007   
[133.04347826086956, 313.04347826086956] _ -3006.101086167613   
[86.08695652173913, 250.43478260869566] _ -3006.0746485545396   
[15.652173913043478, 281.7391304347826] _ -3006.1161559436077   
[109.56521739130434, 313.04347826086956] _ -3006.094302684191   
[164.34782608695653, 344.3478260869565] _ -3006.115299085041   
[140.8695652173913, 281.7391304347826] _ -3006.096127089726   
[101.73913043478261, 93.91304347826087] _ -3006.081518904995   
[78.26086956521739, 156.52173913043478] _ -3006.099630799775   
[78.26086956521739, 219.1304347826087] _ -3006.0845539829866   
[7.826086956521739, 0.0] _ -3006.114518156686   
[86.08695652173913, 125.21739130434783] _ -3006.090059588864   
[39.130434782608695, 140.8695652173913] _ -3006.1061051218867   
[15.652173913043478, 15.652173913043478] _ -3006.111318038462   
[140.8695652173913, 46.95652173913044] _ -3006.107600688279   
[109.56521739130434, 15.652173913043478] _ -3006.096565459514   
[39.130434782608695, 62.608695652173914] _ -3006.0923820600565   
[172.17391304347825, 187.82608695652175] _ -3006.114252094274   
[148.69565217391303, 187.82608695652175] _ -3006.1057348870136   
[140.8695652173913, 140.8695652173913] _ -3006.108743350148   
[156.52173913043478, 0.0] _ -3006.115064150155   
[101.73913043478261, 46.95652173913044] _ -3006.081933280496   
[140.8695652173913, 219.1304347826087] _ -3006.0953384468303   
[86.08695652173913, 140.8695652173913] _ -3006.0958311768295   
[70.43478260869566, 219.1304347826087] _ -3006.0885958797016   
[164.34782608695653, 187.82608695652175] _ -3006.1119020762762   
[62.608695652173914, 187.82608695652175] _ -3006.1017441902063   
[23.47826086956522, 219.1304347826087] _ -3006.115216583315   
[93.91304347826087, 328.69565217391306] _ -3006.097763120312   
[39.130434782608695, 297.39130434782606] _ -3006.1081316688355   
[172.17391304347825, 203.47826086956522] _ -3006.113764648471   
[180.0, 328.69565217391306] _ -3006.115850456693   
[125.21739130434783, 109.56521739130434] _ -3006.098756949076   
[172.17391304347825, 250.43478260869566] _ -3006.1131373693884   
[70.43478260869566, 15.652173913043478] _ -3006.090094816578   
[23.47826086956522, 172.17391304347825] _ -3006.1146376432403   
[54.78260869565217, 250.43478260869566] _ -3006.0943663835233   
[0.0, 156.52173913043478] _ -3006.115850456691   
[180.0, 156.52173913043478] _ -3006.1158504566934   
[86.08695652173913, 281.7391304347826] _ -3006.0812706018423   
[125.21739130434783, 297.39130434782606] _ -3006.092434257152   
[180.0, 297.39130434782606] _ -3006.115850456694   
[109.56521739130434, 360.0] _ -3006.1004788899463   
[31.304347826086957, 125.21739130434783] _ -3006.1057468536474   
[101.73913043478261, 187.82608695652175] _ -3006.0927348793075   
[109.56521739130434, 125.21739130434783] _ -3006.095146310302   
[180.0, 313.04347826086956] _ -3006.1158504566924   
[0.0, 203.47826086956522] _ -3006.115850456691   
[23.47826086956522, 297.39130434782606] _ -3006.114131212204   
[0.0, 266.0869565217391] _ -3006.115850456691   
[164.34782608695653, 140.8695652173913] _ -3006.114965025405   
[39.130434782608695, 360.0] _ -3006.1041189956372   
[117.3913043478261, 328.69565217391306] _ -3006.1009941875727   
[62.608695652173914, 313.04347826086956] _ -3006.099770458626   
[31.304347826086957, 0.0] _ -3006.107065859488   
[109.56521739130434, 203.47826086956522] _ -3006.086769096521   
[148.69565217391303, 172.17391304347825] _ -3006.108278777122   
[148.69565217391303, 328.69565217391306] _ -3006.110217822591   
[54.78260869565217, 234.7826086956522] _ -3006.095646978307   
[125.21739130434783, 187.82608695652175] _ -3006.096582591066   
[62.608695652173914, 219.1304347826087] _ -3006.0933687088464   
[148.69565217391303, 109.56521739130434] _ -3006.1113526935533   
[23.47826086956522, 140.8695652173913] _ -3006.111405327231   
[140.8695652173913, 344.3478260869565] _ -3006.110202958466   
[180.0, 234.7826086956522] _ -3006.115850456692   
[0.0, 109.56521739130434] _ -3006.1158504566906   
[78.26086956521739, 140.8695652173913] _ -3006.096155194812   
[133.04347826086956, 187.82608695652175] _ -3006.0992831756835   
[54.78260869565217, 62.608695652173914] _ -3006.0814234462873   
[148.69565217391303, 93.91304347826087] _ -3006.111000705333   
[133.04347826086956, 297.39130434782606] _ -3006.096007782119   
[133.04347826086956, 93.91304347826087] _ -3006.1014972048733   
[70.43478260869566, 125.21739130434783] _ -3006.091034176862   
[148.69565217391303, 31.304347826086957] _ -3006.1127731163606   
[31.304347826086957, 266.0869565217391] _ -3006.110889393346   
[164.34782608695653, 125.21739130434783] _ -3006.1155823088097   
[133.04347826086956, 140.8695652173913] _ -3006.1060452579063   
[164.34782608695653, 78.26086956521739] _ -3006.116497324288   
[117.3913043478261, 313.04347826086956] _ -3006.0959772936885   
[180.0, 281.7391304347826] _ -3006.115850456694   
[46.95652173913044, 31.304347826086957] _ -3006.0924857284463   
[46.95652173913044, 78.26086956521739] _ -3006.086765377932   
[62.608695652173914, 281.7391304347826] _ -3006.0923183367395   
[140.8695652173913, 360.0] _ -3006.1110953051393   
[133.04347826086956, 0.0] _ -3006.1084956087543   
[140.8695652173913, 313.04347826086956] _ -3006.1041806064886   
[148.69565217391303, 78.26086956521739] _ -3006.1108694686086   
[101.73913043478261, 31.304347826086957] _ -3006.0875351522895   
[31.304347826086957, 46.95652173913044] _ -3006.0994734816136   
[140.8695652173913, 31.304347826086957] _ -3006.109200029349   
[133.04347826086956, 125.21739130434783] _ -3006.1051261084294   
[86.08695652173913, 234.7826086956522] _ -3006.076552380321   
[125.21739130434783, 0.0] _ -3006.1057331356133   
[86.08695652173913, 15.652173913043478] _ -3006.090002100053   
[31.304347826086957, 78.26086956521739] _ -3006.0985215896767   
[133.04347826086956, 156.52173913043478] _ -3006.1054387018203   
[172.17391304347825, 344.3478260869565] _ -3006.1159259562983   
[70.43478260869566, 172.17391304347825] _ -3006.101443276062   
[46.95652173913044, 156.52173913043478] _ -3006.1068761540578   
[140.8695652173913, 15.652173913043478] _ -3006.1105950962956   
[31.304347826086957, 109.56521739130434] _ -3006.102606783026   
[7.826086956521739, 15.652173913043478] _ -3006.113998482155   
[54.78260869565217, 187.82608695652175] _ -3006.104905283295   
[180.0, 187.82608695652175] _ -3006.1158504566947   
[23.47826086956522, 156.52173913043478] _ -3006.113299750296   
[0.0, 219.1304347826087] _ -3006.11585045669   
[180.0, 109.56521739130434] _ -3006.115850456694   
[156.52173913043478, 234.7826086956522] _ -3006.104301143294   
[172.17391304347825, 219.1304347826087] _ -3006.113384996087   
[7.826086956521739, 125.21739130434783] _ -3006.1144674879815   
[93.91304347826087, 93.91304347826087] _ -3006.078526225459   
[140.8695652173913, 93.91304347826087] _ -3006.10662281017   
[0.0, 344.3478260869565] _ -3006.1158504566924   
[93.91304347826087, 360.0] _ -3006.096709933457   
[70.43478260869566, 109.56521739130434] _ -3006.084041834878   
[117.3913043478261, 203.47826086956522] _ -3006.088523463425   
[125.21739130434783, 172.17391304347825] _ -3006.1008746545654   
[180.0, 0.0] _ -3006.115850456693   
[93.91304347826087, 219.1304347826087] _ -3006.079763169784   
[39.130434782608695, 266.0869565217391] _ -3006.106276256958   
[0.0, 360.0] _ -3006.115850456693   
[117.3913043478261, 172.17391304347825] _ -3006.0991293865945   
[164.34782608695653, 313.04347826086956] _ -3006.112868774908   
[23.47826086956522, 281.7391304347826] _ -3006.114266676838   
[148.69565217391303, 266.0869565217391] _ -3006.0991212888425   
[15.652173913043478, 31.304347826086957] _ -3006.1102523490335   
[31.304347826086957, 250.43478260869566] _ -3006.1109618786572   
[62.608695652173914, 328.69565217391306] _ -3006.1014567085576   
[86.08695652173913, 328.69565217391306] _ -3006.097834698856   
[0.0, 234.7826086956522] _ -3006.115850456694   
[0.0, 62.608695652173914] _ -3006.115850456694   
[117.3913043478261, 219.1304347826087] _ -3006.0826458068245   
[23.47826086956522, 313.04347826086956] _ -3006.113742712479   
[117.3913043478261, 140.8695652173913] _ -3006.1008999979977   
[46.95652173913044, 140.8695652173913] _ -3006.1033758794656   
[62.608695652173914, 125.21739130434783] _ -3006.0928494525183   
[93.91304347826087, 297.39130434782606] _ -3006.086608663827   
[156.52173913043478, 313.04347826086956] _ -3006.110320567591   
[39.130434782608695, 78.26086956521739] _ -3006.0925602182374   
[148.69565217391303, 297.39130434782606] _ -3006.104142822882   
[117.3913043478261, 78.26086956521739] _ -3006.088470880726   
[140.8695652173913, 328.69565217391306] _ -3006.1077961118976   
[23.47826086956522, 31.304347826086957] _ -3006.106176915681   
[125.21739130434783, 125.21739130434783] _ -3006.1015918474704   
[133.04347826086956, 46.95652173913044] _ -3006.1024819178792   
[172.17391304347825, 266.0869565217391] _ -3006.1133137254105   
[7.826086956521739, 31.304347826086957] _ -3006.1135578638596   
[62.608695652173914, 360.0] _ -3006.0970681142967   
[78.26086956521739, 344.3478260869565] _ -3006.0986565153003   
[117.3913043478261, 250.43478260869566] _ -3006.07687610656   
[117.3913043478261, 62.608695652173914] _ -3006.088733400058   
[93.91304347826087, 31.304347826086957] _ -3006.0847441762417   
[148.69565217391303, 125.21739130434783] _ -3006.1115652362946   
[164.34782608695653, 31.304347826086957] _ -3006.1167982152565   
[46.95652173913044, 187.82608695652175] _ -3006.108064339306   
[0.0, 140.8695652173913] _ -3006.115850456692   
[109.56521739130434, 31.304347826086957] _ -3006.091239468338   
[109.56521739130434, 78.26086956521739] _ -3006.082981104495   
[109.56521739130434, 234.7826086956522] _ -3006.0756256526283   
[70.43478260869566, 234.7826086956522] _ -3006.0844016241235   
[164.34782608695653, 234.7826086956522] _ -3006.1092205281066   
[93.91304347826087, 125.21739130434783] _ -3006.09094379643   
[23.47826086956522, 250.43478260869566] _ -3006.114521166631   
[23.47826086956522, 203.47826086956522] _ -3006.1154599624197   
[148.69565217391303, 344.3478260869565] _ -3006.112297585307   
[7.826086956521739, 360.0] _ -3006.1145181566903   
[0.0, 172.17391304347825] _ -3006.115850456692   
[133.04347826086956, 31.304347826086957] _ -3006.1049221064486   
[15.652173913043478, 78.26086956521739] _ -3006.109226814232   
[0.0, 328.69565217391306] _ -3006.115850456693   
[109.56521739130434, 250.43478260869566] _ -3006.0739305443694   
[125.21739130434783, 203.47826086956522] _ -3006.091243318056   
[54.78260869565217, 344.3478260869565] _ -3006.1023310543815   
[46.95652173913044, 109.56521739130434] _ -3006.0934968460383   
[180.0, 344.3478260869565] _ -3006.1158504566924   
[54.78260869565217, 266.0869565217391] _ -3006.0950343014592   
[93.91304347826087, 78.26086956521739] _ -3006.0750773098375   
[86.08695652173913, 344.3478260869565] _ -3006.0985680788417   
[70.43478260869566, 360.0] _ -3006.095879502876   
[62.608695652173914, 62.608695652173914] _ -3006.0772325994712   
[86.08695652173913, 360.0] _ -3006.095713894264   
[101.73913043478261, 0.0] _ -3006.0983353899323   
[101.73913043478261, 109.56521739130434] _ -3006.086850366949   
[133.04347826086956, 344.3478260869565] _ -3006.1079288415976   
[93.91304347826087, 62.608695652173914] _ -3006.075153383881   
[172.17391304347825, 234.7826086956522] _ -3006.1131644165866   
[46.95652173913044, 281.7391304347826] _ -3006.1023526436147   
[15.652173913043478, 266.0869565217391] _ -3006.116397217328   
[180.0, 219.1304347826087] _ -3006.115850456694   
[78.26086956521739, 78.26086956521739] _ -3006.073016704881   
[23.47826086956522, 125.21739130434783] _ -3006.1091979526814   
[62.608695652173914, 203.47826086956522] _ -3006.0978571746523   
[39.130434782608695, 31.304347826086957] _ -3006.096952270478   
[31.304347826086957, 172.17391304347825] _ -3006.1129532951445   
[46.95652173913044, 266.0869565217391] _ -3006.1008525970965   
[86.08695652173913, 31.304347826086957] _ -3006.083066359479   
[54.78260869565217, 203.47826086956522] _ -3006.10202337649   
[156.52173913043478, 219.1304347826087] _ -3006.1053956799537   
[31.304347826086957, 140.8695652173913] _ -3006.1088542202106   
[46.95652173913044, 313.04347826086956] _ -3006.1057449125337   
[148.69565217391303, 0.0] _ -3006.113342854615   
[70.43478260869566, 250.43478260869566] _ -3006.0827016050966   
[125.21739130434783, 281.7391304347826] _ -3006.0867886941796   
[15.652173913043478, 297.39130434782606] _ -3006.115813108291   
[39.130434782608695, 344.3478260869565] _ -3006.1068710918794   
[86.08695652173913, 156.52173913043478] _ -3006.0988663991734   
[46.95652173913044, 0.0] _ -3006.101334376533   
[117.3913043478261, 156.52173913043478] _ -3006.1013619741543   
[101.73913043478261, 172.17391304347825] _ -3006.097440650806   
[101.73913043478261, 297.39130434782606] _ -3006.0865414371838   
[15.652173913043478, 344.3478260869565] _ -3006.1136151391534   
[54.78260869565217, 219.1304347826087] _ -3006.0985181330357   
[23.47826086956522, 344.3478260869565] _ -3006.111644960211   
[78.26086956521739, 62.608695652173914] _ -3006.072982459168   
[117.3913043478261, 234.7826086956522] _ -3006.07837837477   
[101.73913043478261, 234.7826086956522] _ -3006.0743546246804   
[86.08695652173913, 266.0869565217391] _ -3006.0764052337126   
[156.52173913043478, 250.43478260869566] _ -3006.1040169422586   
[54.78260869565217, 46.95652173913044] _ -3006.0839951612834   
[39.130434782608695, 313.04347826086956] _ -3006.1087603271535   
[62.608695652173914, 0.0] _ -3006.097068114296   
[39.130434782608695, 172.17391304347825] _ -3006.1108409799112   
[7.826086956521739, 266.0869565217391] _ -3006.116906645077   
[180.0, 250.43478260869566] _ -3006.115850456695   
[31.304347826086957, 234.7826086956522] _ -3006.1114910856645   
[78.26086956521739, 266.0869565217391] _ -3006.0795977375724   
[7.826086956521739, 46.95652173913044] _ -3006.1132521646036   
[15.652173913043478, 187.82608695652175] _ -3006.1163969506606   
[7.826086956521739, 187.82608695652175] _ -3006.1165797340495   
[7.826086956521739, 172.17391304347825] _ -3006.1161719672405   
[0.0, 125.21739130434783] _ -3006.11585045669   
[156.52173913043478, 46.95652173913044] _ -3006.1150307177672   
[156.52173913043478, 15.652173913043478] _ -3006.11545675871   
[101.73913043478261, 360.0] _ -3006.098335389929   
[0.0, 313.04347826086956] _ -3006.1158504566956   
[125.21739130434783, 93.91304347826087] _ -3006.0960148787653   
[93.91304347826087, 172.17391304347825] _ -3006.0975691347403   
[23.47826086956522, 187.82608695652175] _ -3006.115332300932   
[148.69565217391303, 46.95652173913044] _ -3006.111892016179   
[133.04347826086956, 109.56521739130434] _ -3006.1033182706433   
[164.34782608695653, 93.91304347826087] _ -3006.1162853219416   
[180.0, 203.47826086956522] _ -3006.115850456694   
[156.52173913043478, 78.26086956521739] _ -3006.11441556478   
[125.21739130434783, 140.8695652173913] _ -3006.1033690811346   
[7.826086956521739, 203.47826086956522] _ -3006.1168639451907   
[46.95652173913044, 328.69565217391306] _ -3006.1059573390985   
[78.26086956521739, 0.0] _ -3006.095424676433   
[39.130434782608695, 0.0] _ -3006.1041189956354   
[164.34782608695653, 360.0] _ -3006.1161140170634   
[180.0, 93.91304347826087] _ -3006.1158504566915   
[31.304347826086957, 187.82608695652175] _ -3006.113481668981   
[62.608695652173914, 46.95652173913044] _ -3006.08022628687   
[109.56521739130434, 46.95652173913044] _ -3006.0862540824432   
[86.08695652173913, 219.1304347826087] _ -3006.081537572357   
[15.652173913043478, 156.52173913043478] _ -3006.1147738730024   
[164.34782608695653, 109.56521739130434] _ -3006.116001431787   
[93.91304347826087, 250.43478260869566] _ -3006.0727651449606   
[23.47826086956522, 78.26086956521739] _ -3006.104214159923   
[46.95652173913044, 93.91304347826087] _ -3006.0892369619296   
[117.3913043478261, 344.3478260869565] _ -3006.1034819707397   
[70.43478260869566, 31.304347826086957] _ -3006.0834439570153   
[7.826086956521739, 328.69565217391306] _ -3006.1155752489954   
[0.0, 187.82608695652175] _ -3006.115850456693   
[133.04347826086956, 62.608695652173914] _ -3006.1008288267576   
[78.26086956521739, 297.39130434782606] _ -3006.089820037036   
[101.73913043478261, 125.21739130434783] _ -3006.0926776440047   
[70.43478260869566, 203.47826086956522] _ -3006.09397118353   
[93.91304347826087, 0.0] _ -3006.0967099334566   
[62.608695652173914, 250.43478260869566] _ -3006.0882831032104   
[23.47826086956522, 360.0] _ -3006.1099365588057   
[117.3913043478261, 360.0] _ -3006.102999845794   
[70.43478260869566, 156.52173913043478] _ -3006.1008998456896   
[23.47826086956522, 15.652173913043478] _ -3006.1080137386766   
[78.26086956521739, 172.17391304347825] _ -3006.0996445372302   
[148.69565217391303, 140.8695652173913] _ -3006.1112623902463   
[86.08695652173913, 109.56521739130434] _ -3006.083091814825   
[117.3913043478261, 31.304347826086957] _ -3006.0955898333036   
[7.826086956521739, 109.56521739130434] _ -3006.1139136006063   
[101.73913043478261, 281.7391304347826] _ -3006.0795933133268   
[156.52173913043478, 203.47826086956522] _ -3006.107063631294   
[109.56521739130434, 109.56521739130434] _ -3006.090215241941   
[140.8695652173913, 250.43478260869566] _ -3006.0922361186863   
[117.3913043478261, 187.82608695652175] _ -3006.094508056577   
[93.91304347826087, 203.47826086956522] _ -3006.0865638240793   
[93.91304347826087, 281.7391304347826] _ -3006.0797640892633   
[0.0, 78.26086956521739] _ -3006.1158504566906   
[109.56521739130434, 328.69565217391306] _ -3006.0993873464563   
[54.78260869565217, 93.91304347826087] _ -3006.0844755888975   
[78.26086956521739, 328.69565217391306] _ -3006.0985024374495   
[78.26086956521739, 203.47826086956522] _ -3006.090645282138   
[46.95652173913044, 172.17391304347825] _ -3006.108465829421   
[78.26086956521739, 234.7826086956522] _ -3006.0798766848234   
[156.52173913043478, 187.82608695652175] _ -3006.1089848095125   
[0.0, 93.91304347826087] _ -3006.1158504566897   
[117.3913043478261, 281.7391304347826] _ -3006.083229878212   
[62.608695652173914, 266.0869565217391] _ -3006.0892683585344   
[62.608695652173914, 297.39130434782606] _ -3006.096298207669   
[31.304347826086957, 31.304347826086957] _ -3006.101631575087   
[15.652173913043478, 46.95652173913044] _ -3006.1094641467303   
[109.56521739130434, 219.1304347826087] _ -3006.0803421559885   
[172.17391304347825, 0.0] _ -3006.116390762396   
[140.8695652173913, 234.7826086956522] _ -3006.092980090074   
[156.52173913043478, 297.39130434782606] _ -3006.1080839063097   
[46.95652173913044, 46.95652173913044] _ -3006.0886983406954   
[7.826086956521739, 156.52173913043478] _ -3006.115656659498   
[46.95652173913044, 62.608695652173914] _ -3006.0866015566194   
[172.17391304347825, 109.56521739130434] _ -3006.1165621326963   
[86.08695652173913, 62.608695652173914] _ -3006.0732553986427   
[172.17391304347825, 172.17391304347825] _ -3006.1147896080774   
[133.04347826086956, 266.0869565217391] _ -3006.0877324838884   
[15.652173913043478, 0.0] _ -3006.11249197674   
[180.0, 46.95652173913044] _ -3006.11585045669   
[109.56521739130434, 344.3478260869565] _ -3006.1015950265064   
[133.04347826086956, 172.17391304347825] _ -3006.1030921993197   
[140.8695652173913, 266.0869565217391] _ -3006.0933452321046   
[164.34782608695653, 203.47826086956522] _ -3006.1107608915618   
[125.21739130434783, 266.0869565217391] _ -3006.0826990863293   
[54.78260869565217, 297.39130434782606] _ -3006.1002380429136   
[78.26086956521739, 360.0] _ -3006.095424676435   
[156.52173913043478, 172.17391304347825] _ -3006.1108331181313   
[148.69565217391303, 62.608695652173914] _ -3006.1111724745842   
[86.08695652173913, 187.82608695652175] _ -3006.094340068631   
[164.34782608695653, 250.43478260869566] _ -3006.1090966456495   
[133.04347826086956, 219.1304347826087] _ -3006.0904326702384   
[23.47826086956522, 266.0869565217391] _ -3006.1143458329793   
[70.43478260869566, 344.3478260869565] _ -3006.0993356236963   
[164.34782608695653, 328.69565217391306] _ -3006.1141828522073   
[54.78260869565217, 156.52173913043478] _ -3006.104634181528   
[39.130434782608695, 125.21739130434783] _ -3006.1021144472875   
[140.8695652173913, 297.39130434782606] _ -3006.100010620897   
[172.17391304347825, 93.91304347826087] _ -3006.116812215056   
[39.130434782608695, 203.47826086956522] _ -3006.1099680217694   
[172.17391304347825, 360.0] _ -3006.116390762397   
[15.652173913043478, 125.21739130434783] _ -3006.112187361535   
[70.43478260869566, 46.95652173913044] _ -3006.077674141733   
[39.130434782608695, 281.7391304347826] _ -3006.1070958004643   
[31.304347826086957, 93.91304347826087] _ -3006.1000329814187   
[46.95652173913044, 344.3478260869565] _ -3006.1044771823013   
[140.8695652173913, 109.56521739130434] _ -3006.107625036383   
[172.17391304347825, 140.8695652173913] _ -3006.1158116695065   
[172.17391304347825, 15.652173913043478] _ -3006.1167375361197   
[31.304347826086957, 328.69565217391306] _ -3006.1108290204916   
[133.04347826086956, 234.7826086956522] _ -3006.0873922758624   
[125.21739130434783, 234.7826086956522] _ -3006.082401533402   
[46.95652173913044, 360.0] _ -3006.1013343765335   
[109.56521739130434, 187.82608695652175] _ -3006.0931996313357   
[101.73913043478261, 328.69565217391306] _ -3006.0982902509318   
[125.21739130434783, 313.04347826086956] _ -3006.0982875287773   
[140.8695652173913, 203.47826086956522] _ -3006.098735268044   
[164.34782608695653, 266.0869565217391] _ -3006.109482851466   
[164.34782608695653, 0.0] _ -3006.1161140170634   
[15.652173913043478, 93.91304347826087] _ -3006.1098561630197   
[0.0, 281.7391304347826] _ -3006.115850456694   
[172.17391304347825, 281.7391304347826] _ -3006.1136756653354   
[0.0, 250.43478260869566] _ -3006.1158504566934   
[7.826086956521739, 93.91304347826087] _ -3006.113473662006   
[117.3913043478261, 15.652173913043478] _ -3006.099972897723   
[140.8695652173913, 172.17391304347825] _ -3006.1056254835394   
[78.26086956521739, 187.82608695652175] _ -3006.0962757027105   
[31.304347826086957, 281.7391304347826] _ -3006.111169592821   
[93.91304347826087, 344.3478260869565] _ -3006.0990595642056   
[93.91304347826087, 313.04347826086956] _ -3006.0932044552683   
[133.04347826086956, 250.43478260869566] _ -3006.086384414719   
[15.652173913043478, 219.1304347826087] _ -3006.1168147699223   
[180.0, 78.26086956521739] _ -3006.1158504566924   
[117.3913043478261, 46.95652173913044] _ -3006.091381759806   
[31.304347826086957, 219.1304347826087] _ -3006.11233594976   
[156.52173913043478, 62.608695652173914] _ -3006.1146646396805   
[39.130434782608695, 46.95652173913044] _ -3006.0939871318933   
[101.73913043478261, 219.1304347826087] _ -3006.079356062528   
[39.130434782608695, 15.652173913043478] _ -3006.1005884965266   
[117.3913043478261, 0.0] _ -3006.1029998457934   
[15.652173913043478, 109.56521739130434] _ -3006.110895252741   
[148.69565217391303, 281.7391304347826] _ -3006.1012139706004   
[180.0, 15.652173913043478] _ -3006.1158504566906   
[133.04347826086956, 328.69565217391306] _ -3006.105337127462   
[39.130434782608695, 109.56521739130434] _ -3006.097978779965   
[31.304347826086957, 156.52173913043478] _ -3006.111378600346   
[86.08695652173913, 297.39130434782606] _ -3006.0877279725228   
[62.608695652173914, 15.652173913043478] _ -3006.09159993967   
[46.95652173913044, 297.39130434782606] _ -3006.1042811953107   
[86.08695652173913, 313.04347826086956] _ -3006.0938319961965   
[164.34782608695653, 297.39130434782606] _ -3006.1115212989844   
[156.52173913043478, 31.304347826086957] _ -3006.115369745759   
[54.78260869565217, 360.0] _ -3006.0989264862455   
[31.304347826086957, 15.652173913043478] _ -3006.1043420286005   
[117.3913043478261, 93.91304347826087] _ -3006.090593530053   
[70.43478260869566, 297.39130434782606] _ -3006.092743099911   
[62.608695652173914, 172.17391304347825] _ -3006.103606613088   
[164.34782608695653, 156.52173913043478] _ -3006.1141188413794   
[23.47826086956522, 62.608695652173914] _ -3006.104048073121   
[54.78260869565217, 109.56521739130434] _ -3006.089496999022   
[62.608695652173914, 156.52173913043478] _ -3006.1026006473753   
[86.08695652173913, 203.47826086956522] _ -3006.088116073588   
[109.56521739130434, 266.0869565217391] _ -3006.0757946415933   
[39.130434782608695, 93.91304347826087] _ -3006.0945547879032   
[31.304347826086957, 344.3478260869565] _ -3006.1093286767045   
[117.3913043478261, 109.56521739130434] _ -3006.09428047126   
[46.95652173913044, 234.7826086956522] _ -3006.1015123270768   
[54.78260869565217, 172.17391304347825] _ -3006.1059988416964   
[101.73913043478261, 344.3478260869565] _ -3006.1000906814074   
[7.826086956521739, 219.1304347826087] _ -3006.1170260465915   
[0.0, 15.652173913043478] _ -3006.115850456691   
[133.04347826086956, 203.47826086956522] _ -3006.094732874815   
[7.826086956521739, 281.7391304347826] _ -3006.116697490974   
[62.608695652173914, 31.304347826086957] _ -3006.0854733632154   
[164.34782608695653, 281.7391304347826] _ -3006.110333014836   
[7.826086956521739, 62.608695652173914] _ -3006.113125445304   
[109.56521739130434, 297.39130434782606] _ -3006.0875393765828   
[180.0, 62.608695652173914] _ -3006.1158504566906   
[180.0, 140.8695652173913] _ -3006.1158504566874   
[23.47826086956522, 46.95652173913044] _ -3006.1047591298684   
[46.95652173913044, 125.21739130434783] _ -3006.098585364036   
[62.608695652173914, 344.3478260869565] _ -3006.100581644747   
[31.304347826086957, 62.608695652173914] _ -3006.098341171191   
[148.69565217391303, 219.1304347826087] _ -3006.1004508216038   
[54.78260869565217, 15.652173913043478] _ -3006.0939711093415   
[140.8695652173913, 62.608695652173914] _ -3006.1064416603485   
[125.21739130434783, 360.0] _ -3006.1057331356124   
[39.130434782608695, 250.43478260869566] _ -3006.106162719058   
[23.47826086956522, 109.56521739130434] _ -3006.1070263918714   
[148.69565217391303, 234.7826086956522] _ -3006.0987555774086   
[172.17391304347825, 328.69565217391306] _ -3006.115369301823   
[78.26086956521739, 46.95652173913044] _ -3006.076532887484   
[133.04347826086956, 78.26086956521739] _ -3006.1004981603687   
[7.826086956521739, 78.26086956521739] _ -3006.1132005884047   
[156.52173913043478, 344.3478260869565] _ -3006.1140476790197   
[93.91304347826087, 234.7826086956522] _ -3006.07466816546   
[140.8695652173913, 156.52173913043478] _ -3006.1078145041715   
[54.78260869565217, 31.304347826086957] _ -3006.088562856692   
[164.34782608695653, 15.652173913043478] _ -3006.1166000336916   
[54.78260869565217, 328.69565217391306] _ -3006.103576165392   
[70.43478260869566, 62.608695652173914] _ -3006.074344954025   
[7.826086956521739, 297.39130434782606] _ -3006.116405783042   
[15.652173913043478, 140.8695652173913] _ -3006.1135413806305   
[70.43478260869566, 0.0] _ -3006.0958795028764   
[156.52173913043478, 156.52173913043478] _ -3006.1123503602457   
[31.304347826086957, 313.04347826086956] _ -3006.1114985490963   
[101.73913043478261, 78.26086956521739] _ -3006.0784046111053   
[125.21739130434783, 62.608695652173914] _ -3006.094768989272   
[46.95652173913044, 203.47826086956522] _ -3006.106163729273   
[156.52173913043478, 93.91304347826087] _ -3006.11430187261   
[86.08695652173913, 78.26086956521739] _ -3006.0732385058886   
[148.69565217391303, 156.52173913043478] _ -3006.1101841930517   
[148.69565217391303, 250.43478260869566] _ -3006.0982592742703   
[180.0, 31.304347826086957] _ -3006.115850456691   
[62.608695652173914, 140.8695652173913] _ -3006.0987449277536   
[15.652173913043478, 328.69565217391306] _ -3006.114570478399   
[70.43478260869566, 328.69565217391306] _ -3006.0997320664915   
[172.17391304347825, 62.608695652173914] _ -3006.117067558719   
[7.826086956521739, 344.3478260869565] _ -3006.1150599381685   
[70.43478260869566, 266.0869565217391] _ -3006.083992104423   
[70.43478260869566, 93.91304347826087] _ -3006.077960978637   
[101.73913043478261, 203.47826086956522] _ -3006.0861020135835   
[7.826086956521739, 250.43478260869566] _ -3006.117034774046   
[7.826086956521739, 140.8695652173913] _ -3006.1150702860523   
[86.08695652173913, 0.0] _ -3006.095713894265   
[15.652173913043478, 250.43478260869566] _ -3006.1165886486597   
[109.56521739130434, 93.91304347826087] _ -3006.0856402128643   
[164.34782608695653, 62.608695652173914] _ -3006.116671038956   
[180.0, 266.0869565217391] _ -3006.115850456694   
[140.8695652173913, 78.26086956521739] _ -3006.106111272958   
[0.0, 31.304347826086957] _ -3006.1158504566906   
[156.52173913043478, 266.0869565217391] _ -3006.1046348662053   
[70.43478260869566, 187.82608695652175] _ -3006.0988008583704   
[101.73913043478261, 156.52173913043478] _ -3006.0990098968923   
[133.04347826086956, 15.652173913043478] _ -3006.1072517820257   
[78.26086956521739, 93.91304347826087] _ -3006.076681404979   
[54.78260869565217, 125.21739130434783] _ -3006.0954229000076   
[109.56521739130434, 281.7391304347826] _ -3006.080774540869   
[15.652173913043478, 62.608695652173914] _ -3006.109095399932   
[78.26086956521739, 281.7391304347826] _ -3006.0840056469833   
[93.91304347826087, 109.56521739130434] _ -3006.0844199468384   
[109.56521739130434, 172.17391304347825] _ -3006.0979650484696   
[180.0, 360.0] _ -3006.115850456692   
[125.21739130434783, 46.95652173913044] _ -3006.0969323389977   
[54.78260869565217, 313.04347826086956] _ -3006.1026762785223   
[172.17391304347825, 46.95652173913044] _ -3006.117064890552   
[78.26086956521739, 250.43478260869566] _ -3006.07804223854   
[0.0, 297.39130434782606] _ -3006.115850456692   
[23.47826086956522, 328.69565217391306] _ -3006.1129363108175   
[125.21739130434783, 31.304347826086957] _ -3006.100267311772   
[46.95652173913044, 15.652173913043478] _ -3006.0970422719006   
[62.608695652173914, 78.26086956521739] _ -3006.0773447623205   
[78.26086956521739, 31.304347826086957] _ -3006.0826220709687   
[101.73913043478261, 313.04347826086956] _ -3006.093361973324   
[148.69565217391303, 313.04347826086956] _ -3006.1073419089194   