[46.95652173913044, 344.3478260869565] _ -3006.0732187017165   
[78.26086956521739, 15.652173913043478] _ -3006.065121263455   
[46.95652173913044, 0.0] _ -3006.0732805946272   
[133.04347826086956, 219.1304347826087] _ -3006.073457669301   
[54.78260869565217, 266.0869565217391] _ -3006.0734452896686   
[101.73913043478261, 187.82608695652175] _ -3006.0653691040898   
[140.8695652173913, 187.82608695652175] _ -3006.077364572553   
[0.0, 31.304347826086957] _ -3006.0963348844634   
[164.34782608695653, 266.0869565217391] _ -3006.0934496006084   
[93.91304347826087, 125.21739130434783] _ -3006.0628981035234   
[46.95652173913044, 125.21739130434783] _ -3006.0831823167273   
[15.652173913043478, 172.17391304347825] _ -3006.098260997199   
[172.17391304347825, 46.95652173913044] _ -3006.0971642672303   
[117.3913043478261, 328.69565217391306] _ -3006.0774264781194   
[133.04347826086956, 78.26086956521739] _ -3006.0792635047364   
[117.3913043478261, 203.47826086956522] _ -3006.0669432061404   
[62.608695652173914, 172.17391304347825] _ -3006.079400771212   
[164.34782608695653, 187.82608695652175] _ -3006.09023805341   
[164.34782608695653, 140.8695652173913] _ -3006.090856264281   
[54.78260869565217, 46.95652173913044] _ -3006.069677201367   
[156.52173913043478, 46.95652173913044] _ -3006.095076939895   
[31.304347826086957, 266.0869565217391] _ -3006.087140745097   
[148.69565217391303, 297.39130434782606] _ -3006.0903505984534   
[148.69565217391303, 156.52173913043478] _ -3006.0819027723956   
[109.56521739130434, 234.7826086956522] _ -3006.0641554745152   
[31.304347826086957, 31.304347826086957] _ -3006.082172293508   
[101.73913043478261, 31.304347826086957] _ -3006.069472009819   
[70.43478260869566, 46.95652173913044] _ -3006.064314724138   
[172.17391304347825, 250.43478260869566] _ -3006.094983215012   
[133.04347826086956, 15.652173913043478] _ -3006.0879545703638   
[54.78260869565217, 172.17391304347825] _ -3006.083939834809   
[54.78260869565217, 125.21739130434783] _ -3006.0785677000003   
[93.91304347826087, 109.56521739130434] _ -3006.062065294831   
[172.17391304347825, 93.91304347826087] _ -3006.0955063919055   
[0.0, 62.608695652173914] _ -3006.096334884466   
[164.34782608695653, 31.304347826086957] _ -3006.0975717111296   
[70.43478260869566, 360.0] _ -3006.0657702146664   
[78.26086956521739, 266.0869565217391] _ -3006.0633846412966   
[109.56521739130434, 172.17391304347825] _ -3006.0656745411843   
[86.08695652173913, 125.21739130434783] _ -3006.064180609752   
[156.52173913043478, 344.3478260869565] _ -3006.0971753714894   
[86.08695652173913, 109.56521739130434] _ -3006.062840706575   
[101.73913043478261, 234.7826086956522] _ -3006.062956345827   
[93.91304347826087, 234.7826086956522] _ -3006.0629945011606   
[109.56521739130434, 328.69565217391306] _ -3006.0731175453802   
[140.8695652173913, 203.47826086956522] _ -3006.0774980677234   
[125.21739130434783, 203.47826086956522] _ -3006.0696962802904   
[93.91304347826087, 297.39130434782606] _ -3006.063464234391   
[156.52173913043478, 250.43478260869566] _ -3006.0888443132253   
[70.43478260869566, 78.26086956521739] _ -3006.064624821978   
[140.8695652173913, 15.652173913043478] _ -3006.091889488216   
[39.130434782608695, 156.52173913043478] _ -3006.091341899217   
[148.69565217391303, 46.95652173913044] _ -3006.0923231214847   
[180.0, 93.91304347826087] _ -3006.096334884467   
[15.652173913043478, 187.82608695652175] _ -3006.098257641909   
[54.78260869565217, 297.39130434782606] _ -3006.07011541457   
[125.21739130434783, 62.608695652173914] _ -3006.0772669944718   
[54.78260869565217, 62.608695652173914] _ -3006.070244293568   
[101.73913043478261, 140.8695652173913] _ -3006.0636466512833   
[109.56521739130434, 297.39130434782606] _ -3006.0688521195416   
[109.56521739130434, 344.3478260869565] _ -3006.07463070415   
[62.608695652173914, 187.82608695652175] _ -3006.0794158004264   
[93.91304347826087, 62.608695652173914] _ -3006.0635289776747   
[93.91304347826087, 344.3478260869565] _ -3006.067822900088   
[46.95652173913044, 140.8695652173913] _ -3006.085527733725   
[15.652173913043478, 328.69565217391306] _ -3006.090615696665   
[109.56521739130434, 125.21739130434783] _ -3006.0640264158064   
[117.3913043478261, 219.1304347826087] _ -3006.0665705941465   
[39.130434782608695, 234.7826086956522] _ -3006.0875422643567   
[23.47826086956522, 46.95652173913044] _ -3006.087274174931   
[31.304347826086957, 125.21739130434783] _ -3006.091377186116   
[117.3913043478261, 313.04347826086956] _ -3006.0752592946646   
[54.78260869565217, 219.1304347826087] _ -3006.0809934839153   
[133.04347826086956, 93.91304347826087] _ -3006.0768834870296   
[109.56521739130434, 281.7391304347826] _ -3006.066768489535   
[117.3913043478261, 297.39130434782606] _ -3006.072814702671   
[62.608695652173914, 281.7391304347826] _ -3006.0675592513153   
[172.17391304347825, 234.7826086956522] _ -3006.094503499902   
[39.130434782608695, 344.3478260869565] _ -3006.077350013281   
[78.26086956521739, 234.7826086956522] _ -3006.066650800113   
[109.56521739130434, 156.52173913043478] _ -3006.0651307837925   
[101.73913043478261, 328.69565217391306] _ -3006.069398253113   
[31.304347826086957, 0.0] _ -3006.081721721551   
[46.95652173913044, 266.0869565217391] _ -3006.0780224859636   
[15.652173913043478, 109.56521739130434] _ -3006.0951543667634   
[46.95652173913044, 250.43478260869566] _ -3006.080564797944   
[86.08695652173913, 266.0869565217391] _ -3006.0620208212595   
[15.652173913043478, 93.91304347826087] _ -3006.0940076060733   
[140.8695652173913, 360.0] _ -3006.0923399208286   
[39.130434782608695, 93.91304347826087] _ -3006.082763416105   
[46.95652173913044, 187.82608695652175] _ -3006.0883330518127   
[133.04347826086956, 250.43478260869566] _ -3006.0751514309086   
[39.130434782608695, 219.1304347826087] _ -3006.0897073590068   
[39.130434782608695, 187.82608695652175] _ -3006.0922264702203   
[46.95652173913044, 156.52173913043478] _ -3006.087332815826   
[148.69565217391303, 344.3478260869565] _ -3006.0950453191554   
[15.652173913043478, 31.304347826086957] _ -3006.090653285364   
[148.69565217391303, 266.0869565217391] _ -3006.08623028931   
[140.8695652173913, 250.43478260869566] _ -3006.0798565555797   
[180.0, 78.26086956521739] _ -3006.0963348844634   
[78.26086956521739, 328.69565217391306] _ -3006.064140338047   
[39.130434782608695, 125.21739130434783] _ -3006.0875595475236   
[117.3913043478261, 344.3478260869565] _ -3006.078973720242   
[23.47826086956522, 78.26086956521739] _ -3006.0895210425288   
[86.08695652173913, 78.26086956521739] _ -3006.061909578895   
[180.0, 15.652173913043478] _ -3006.0963348844643   
[78.26086956521739, 297.39130434782606] _ -3006.062606898523   
[93.91304347826087, 250.43478260869566] _ -3006.062130037417   
[148.69565217391303, 125.21739130434783] _ -3006.083174492557   
[15.652173913043478, 250.43478260869566] _ -3006.095119071163   
[117.3913043478261, 0.0] _ -3006.0795520521706   
[0.0, 328.69565217391306] _ -3006.0963348844643   
[15.652173913043478, 15.652173913043478] _ -3006.090322830165   
[62.608695652173914, 266.0869565217391] _ -3006.06929717573   
[62.608695652173914, 360.0] _ -3006.0672757524317   
[23.47826086956522, 281.7391304347826] _ -3006.0894501867742   
[172.17391304347825, 281.7391304347826] _ -3006.0961103251157   
[172.17391304347825, 0.0] _ -3006.0979155914483   
[101.73913043478261, 266.0869565217391] _ -3006.062935851399   
[164.34782608695653, 344.3478260869565] _ -3006.0981227253396   
[140.8695652173913, 219.1304347826087] _ -3006.0778486775307   
[125.21739130434783, 46.95652173913044] _ -3006.079828791525   
[7.826086956521739, 156.52173913043478] _ -3006.0977228485963   
[0.0, 46.95652173913044] _ -3006.0963348844634   
[109.56521739130434, 46.95652173913044] _ -3006.071116993485   
[7.826086956521739, 281.7391304347826] _ -3006.09522541769   
[133.04347826086956, 203.47826086956522] _ -3006.073303077721   
[133.04347826086956, 0.0] _ -3006.0884596252554   
[62.608695652173914, 78.26086956521739] _ -3006.0676380574723   
[54.78260869565217, 203.47826086956522] _ -3006.0828926810827   
[62.608695652173914, 31.304347826086957] _ -3006.0667405582108   
[54.78260869565217, 93.91304347826087] _ -3006.073488538301   
[140.8695652173913, 313.04347826086956] _ -3006.0886861871822   
[15.652173913043478, 62.608695652173914] _ -3006.09196427982   
[148.69565217391303, 219.1304347826087] _ -3006.0824479319226   
[78.26086956521739, 344.3478260869565] _ -3006.0650403026   
[70.43478260869566, 328.69565217391306] _ -3006.0647747791263   
[0.0, 360.0] _ -3006.096334884466   
[156.52173913043478, 281.7391304347826] _ -3006.091879251704   
[172.17391304347825, 266.0869565217391] _ -3006.095531396909   
[86.08695652173913, 250.43478260869566] _ -3006.0628898760897   
[70.43478260869566, 140.8695652173913] _ -3006.0721351506472   
[156.52173913043478, 234.7826086956522] _ -3006.0877174062834   
[54.78260869565217, 109.56521739130434] _ -3006.075959249554   
[140.8695652173913, 140.8695652173913] _ -3006.0777266799205   
[180.0, 31.304347826086957] _ -3006.0963348844634   
[125.21739130434783, 156.52173913043478] _ -3006.0695812744216   
[101.73913043478261, 46.95652173913044] _ -3006.0676181100016   
[62.608695652173914, 219.1304347826087] _ -3006.076431907797   
[54.78260869565217, 360.0] _ -3006.0698426856115   
[101.73913043478261, 203.47826086956522] _ -3006.0647346476753   
[0.0, 344.3478260869565] _ -3006.0963348844653   
[0.0, 219.1304347826087] _ -3006.0963348844625   
[148.69565217391303, 360.0] _ -3006.0954192774125   
[7.826086956521739, 93.91304347826087] _ -3006.09581968529   
[125.21739130434783, 15.652173913043478] _ -3006.0835445398134   
[117.3913043478261, 78.26086956521739] _ -3006.0703943682893   
[140.8695652173913, 46.95652173913044] _ -3006.088675373271   
[70.43478260869566, 15.652173913043478] _ -3006.0655344474108   
[15.652173913043478, 219.1304347826087] _ -3006.097183969012   
[54.78260869565217, 328.69565217391306] _ -3006.0694866165095   
[125.21739130434783, 78.26086956521739] _ -3006.074657740497   
[180.0, 297.39130434782606] _ -3006.0963348844643   
[46.95652173913044, 78.26086956521739] _ -3006.0759739141877   
[133.04347826086956, 234.7826086956522] _ -3006.0740073422985   
[117.3913043478261, 93.91304347826087] _ -3006.068340294257   
[180.0, 156.52173913043478] _ -3006.0963348844643   
[46.95652173913044, 360.0] _ -3006.0732805946263   
[31.304347826086957, 15.652173913043478] _ -3006.0818385712246   
[140.8695652173913, 234.7826086956522] _ -3006.0785895080944   
[23.47826086956522, 250.43478260869566] _ -3006.0926766951325   
[117.3913043478261, 234.7826086956522] _ -3006.0665174607757   
[70.43478260869566, 234.7826086956522] _ -3006.0700024417365   
[140.8695652173913, 62.608695652173914] _ -3006.086341839443   
[93.91304347826087, 156.52173913043478] _ -3006.065348176937   
[78.26086956521739, 78.26086956521739] _ -3006.0626737202065   
[86.08695652173913, 313.04347826086956] _ -3006.063468597373   
[23.47826086956522, 203.47826086956522] _ -3006.096818684846   
[15.652173913043478, 156.52173913043478] _ -3006.0978955249066   
[164.34782608695653, 46.95652173913044] _ -3006.0967323840114   
[39.130434782608695, 250.43478260869566] _ -3006.0851099379634   
[86.08695652173913, 297.39130434782606] _ -3006.0624196743647   
[180.0, 328.69565217391306] _ -3006.0963348844653   
[140.8695652173913, 0.0] _ -3006.0923399208286   
[109.56521739130434, 187.82608695652175] _ -3006.0657201189624   
[180.0, 281.7391304347826] _ -3006.0963348844634   
[0.0, 156.52173913043478] _ -3006.096334884467   
[148.69565217391303, 15.652173913043478] _ -3006.095042044345   
[86.08695652173913, 156.52173913043478] _ -3006.0672483923936   
[101.73913043478261, 93.91304347826087] _ -3006.062905546035   
[133.04347826086956, 172.17391304347825] _ -3006.073253137596   
[117.3913043478261, 46.95652173913044] _ -3006.075288167428   
[54.78260869565217, 250.43478260869566] _ -3006.075947149363   
[15.652173913043478, 125.21739130434783] _ -3006.0962552613255   
[156.52173913043478, 297.39130434782606] _ -3006.0935499820544   
[172.17391304347825, 125.21739130434783] _ -3006.094479927745   
[15.652173913043478, 140.8695652173913] _ -3006.0972019119354   
[164.34782608695653, 328.69565217391306] _ -3006.0975857424237   
[172.17391304347825, 187.82608695652175] _ -3006.093716841374   
[117.3913043478261, 31.304347826086957] _ -3006.0774636474825   
[39.130434782608695, 360.0] _ -3006.077338164362   
[70.43478260869566, 172.17391304347825] _ -3006.0750568531857   
[133.04347826086956, 125.21739130434783] _ -3006.0738689235495   
[62.608695652173914, 140.8695652173913] _ -3006.076397318353   
[31.304347826086957, 219.1304347826087] _ -3006.0932023862406   
[148.69565217391303, 187.82608695652175] _ -3006.0817569259125   
[86.08695652173913, 62.608695652173914] _ -3006.0625021809437   
[78.26086956521739, 250.43478260869566] _ -3006.064822367972   
[78.26086956521739, 187.82608695652175] _ -3006.071258954028   
[172.17391304347825, 78.26086956521739] _ -3006.0960876159934   
[78.26086956521739, 203.47826086956522] _ -3006.0702586426887   
[0.0, 125.21739130434783] _ -3006.0963348844643   
[23.47826086956522, 0.0] _ -3006.0861161143157   
[148.69565217391303, 203.47826086956522] _ -3006.0819734643383   
[70.43478260869566, 297.39130434782606] _ -3006.064023952292   
[23.47826086956522, 156.52173913043478] _ -3006.09682815807   
[78.26086956521739, 172.17391304347825] _ -3006.0712313505874   
[86.08695652173913, 281.7391304347826] _ -3006.0618666081864   
[148.69565217391303, 250.43478260869566] _ -3006.0845427814784   
[54.78260869565217, 187.82608695652175] _ -3006.0839492402974   
[70.43478260869566, 203.47826086956522] _ -3006.0740181315496   
[70.43478260869566, 187.82608695652175] _ -3006.0750780824983   
[39.130434782608695, 266.0869565217391] _ -3006.082702621202   
[164.34782608695653, 156.52173913043478] _ -3006.0904312953617   
[101.73913043478261, 313.04347826086956] _ -3006.067551630612   
[15.652173913043478, 344.3478260869565] _ -3006.090302238311   
[125.21739130434783, 313.04347826086956] _ -3006.0798156902983   
[125.21739130434783, 297.39130434782606] _ -3006.0772688419393   
[15.652173913043478, 0.0] _ -3006.090206282297   
[62.608695652173914, 234.7826086956522] _ -3006.074074154879   
[125.21739130434783, 234.7826086956522] _ -3006.0698815400865   
[117.3913043478261, 266.0869565217391] _ -3006.068394153426   
[117.3913043478261, 15.652173913043478] _ -3006.079001084253   
[101.73913043478261, 15.652173913043478] _ -3006.070872337289   
[117.3913043478261, 172.17391304347825] _ -3006.0672020611846   
[86.08695652173913, 234.7826086956522] _ -3006.064257682725   
[172.17391304347825, 140.8695652173913] _ -3006.094101679727   
[23.47826086956522, 234.7826086956522] _ -3006.094322594279   
[86.08695652173913, 344.3478260869565] _ -3006.0658497163695   
[156.52173913043478, 360.0] _ -3006.0974580972716   
[180.0, 140.8695652173913] _ -3006.096334884467   
[23.47826086956522, 31.304347826086957] _ -3006.086621043777   
[125.21739130434783, 328.69565217391306] _ -3006.0820072105907   
[46.95652173913044, 219.1304347826087] _ -3006.085532722411   
[156.52173913043478, 156.52173913043478] _ -3006.086352205508   
[156.52173913043478, 328.69565217391306] _ -3006.096356570115   
[133.04347826086956, 31.304347826086957] _ -3006.086523889492   
[0.0, 281.7391304347826] _ -3006.0963348844634   
[180.0, 187.82608695652175] _ -3006.0963348844643   
[164.34782608695653, 93.91304347826087] _ -3006.093402209536   
[125.21739130434783, 266.0869565217391] _ -3006.0724194324703   
[7.826086956521739, 109.56521739130434] _ -3006.096397537667   
[46.95652173913044, 234.7826086956522] _ -3006.0831756349335   
[140.8695652173913, 328.69565217391306] _ -3006.0906081016037   
[140.8695652173913, 156.52173913043478] _ -3006.0774082308453   
[31.304347826086957, 203.47826086956522] _ -3006.094583580345   
[125.21739130434783, 0.0] _ -3006.084083516622   
[39.130434782608695, 313.04347826086956] _ -3006.0780326778986   
[180.0, 313.04347826086956] _ -3006.0963348844634   
[7.826086956521739, 250.43478260869566] _ -3006.0963764981834   
[164.34782608695653, 360.0] _ -3006.0983064183592   
[0.0, 93.91304347826087] _ -3006.0963348844643   
[101.73913043478261, 62.608695652173914] _ -3006.06570721608   
[15.652173913043478, 78.26086956521739] _ -3006.092917081515   
[78.26086956521739, 46.95652173913044] _ -3006.0633245398712   
[15.652173913043478, 297.39130434782606] _ -3006.0919118830916   
[54.78260869565217, 344.3478260869565] _ -3006.069696013461   
[39.130434782608695, 15.652173913043478] _ -3006.07741390318   
[62.608695652173914, 203.47826086956522] _ -3006.0783362396332   
[148.69565217391303, 31.304347826086957] _ -3006.0939637160354   
[125.21739130434783, 344.3478260869565] _ -3006.083527640116   
[148.69565217391303, 93.91304347826087] _ -3006.0861563580775   
[86.08695652173913, 172.17391304347825] _ -3006.0682028108113   
[54.78260869565217, 313.04347826086956] _ -3006.0695275793105   
[31.304347826086957, 93.91304347826087] _ -3006.0872030900555   
[164.34782608695653, 313.04347826086956] _ -3006.0967544452797   
[117.3913043478261, 281.7391304347826] _ -3006.0704065496493   
[156.52173913043478, 125.21739130434783] _ -3006.0876375980315   
[164.34782608695653, 62.608695652173914] _ -3006.095686552949   
[117.3913043478261, 187.82608695652175] _ -3006.0672478889055   
[46.95652173913044, 15.652173913043478] _ -3006.073294120777   
[109.56521739130434, 15.652173913043478] _ -3006.074669673152   
[86.08695652173913, 360.0] _ -3006.0663187125747   
[125.21739130434783, 31.304347826086957] _ -3006.0820286580592   
[0.0, 297.39130434782606] _ -3006.096334884467   
[23.47826086956522, 344.3478260869565] _ -3006.086212819244   
[164.34782608695653, 281.7391304347826] _ -3006.0945800049085   
[109.56521739130434, 31.304347826086957] _ -3006.073172457517   
[39.130434782608695, 0.0] _ -3006.077338164362   
[148.69565217391303, 172.17391304347825] _ -3006.0817311496066   
[180.0, 203.47826086956522] _ -3006.0963348844653   
[125.21739130434783, 140.8695652173913] _ -3006.0694550534117   
[31.304347826086957, 360.0] _ -3006.0817217215517   
[62.608695652173914, 313.04347826086956] _ -3006.0663343889055   
[31.304347826086957, 46.95652173913044] _ -3006.082813453677   
[117.3913043478261, 140.8695652173913] _ -3006.066421702928   
[140.8695652173913, 281.7391304347826] _ -3006.083930990889   
[23.47826086956522, 187.82608695652175] _ -3006.0973846386914   
[93.91304347826087, 328.69565217391306] _ -3006.0665382707966   
[156.52173913043478, 266.0869565217391] _ -3006.0902620338793   
[7.826086956521739, 344.3478260869565] _ -3006.0937607197984   
[0.0, 266.0869565217391] _ -3006.0963348844643   
[54.78260869565217, 78.26086956521739] _ -3006.07151129222   
[62.608695652173914, 156.52173913043478] _ -3006.0783012465517   
[23.47826086956522, 360.0] _ -3006.0861161143157   
[133.04347826086956, 360.0] _ -3006.0884596252536   
[39.130434782608695, 109.56521739130434] _ -3006.0851448727026   
[133.04347826086956, 297.39130434782606] _ -3006.0818974481035   
[7.826086956521739, 15.652173913043478] _ -3006.0937693498154   
[86.08695652173913, 328.69565217391306] _ -3006.064742758964   
[7.826086956521739, 266.0869565217391] _ -3006.0957956305338   
[70.43478260869566, 266.0869565217391] _ -3006.065865813045   
[180.0, 0.0] _ -3006.0963348844643   
[180.0, 360.0] _ -3006.0963348844653   
[109.56521739130434, 140.8695652173913] _ -3006.0644388494384   
[15.652173913043478, 313.04347826086956] _ -3006.0911532333157   
[148.69565217391303, 328.69565217391306] _ -3006.0939728048834   
[93.91304347826087, 172.17391304347825] _ -3006.066187451316   
[180.0, 125.21739130434783] _ -3006.0963348844643   
[164.34782608695653, 203.47826086956522] _ -3006.090461028145   
[78.26086956521739, 360.0] _ -3006.065441054854   
[133.04347826086956, 46.95652173913044] _ -3006.0844045632866   
[109.56521739130434, 313.04347826086956] _ -3006.071070124115   
[180.0, 234.7826086956522] _ -3006.0963348844643   
[78.26086956521739, 62.608695652173914] _ -3006.062705915666   
[172.17391304347825, 172.17391304347825] _ -3006.093712453958   
[70.43478260869566, 250.43478260869566] _ -3006.0677902379857   
[93.91304347826087, 31.304347826086957] _ -3006.066630857531   
[70.43478260869566, 62.608695652173914] _ -3006.0641371161355   
[39.130434782608695, 46.95652173913044] _ -3006.078159963112   
[0.0, 15.652173913043478] _ -3006.0963348844653   
[86.08695652173913, 15.652173913043478] _ -3006.065922615894   
[133.04347826086956, 156.52173913043478] _ -3006.073197955712   
[140.8695652173913, 172.17391304347825] _ -3006.0773313584805   
[0.0, 250.43478260869566] _ -3006.096334884466   
[46.95652173913044, 172.17391304347825] _ -3006.088328366155   
[31.304347826086957, 281.7391304347826] _ -3006.085252624337   
[93.91304347826087, 266.0869565217391] _ -3006.0618668590632   
[62.608695652173914, 250.43478260869566] _ -3006.0715867141234   
[62.608695652173914, 109.56521739130434] _ -3006.0715846060175   
[180.0, 266.0869565217391] _ -3006.096334884466   
[133.04347826086956, 62.608695652173914] _ -3006.0818827685343   
[39.130434782608695, 78.26086956521739] _ -3006.080701615935   
[31.304347826086957, 250.43478260869566] _ -3006.0892509890054   
[86.08695652173913, 31.304347826086957] _ -3006.064852869613   
[156.52173913043478, 203.47826086956522] _ -3006.086402053007   
[7.826086956521739, 46.95652173913044] _ -3006.094298637532   
[101.73913043478261, 297.39130434782606] _ -3006.0656605312697   
[31.304347826086957, 313.04347826086956] _ -3006.082708794187   
[31.304347826086957, 78.26086956521739] _ -3006.0853377784397   
[62.608695652173914, 93.91304347826087] _ -3006.069328152673   
[23.47826086956522, 93.91304347826087] _ -3006.0910537938335   
[70.43478260869566, 156.52173913043478] _ -3006.0739675820614   
[62.608695652173914, 46.95652173913044] _ -3006.0664824862206   
[101.73913043478261, 219.1304347826087] _ -3006.0637759232222   
[0.0, 234.7826086956522] _ -3006.096334884466   
[15.652173913043478, 46.95652173913044] _ -3006.0912017006785   
[23.47826086956522, 140.8695652173913] _ -3006.095774752628   
[15.652173913043478, 203.47826086956522] _ -3006.0978852063445   
[164.34782608695653, 125.21739130434783] _ -3006.0915058305827   
[54.78260869565217, 140.8695652173913] _ -3006.0809750375793   
[133.04347826086956, 313.04347826086956] _ -3006.0844047185983   
[62.608695652173914, 62.608695652173914] _ -3006.066707488946   
[172.17391304347825, 109.56521739130434] _ -3006.0949577708725   
[93.91304347826087, 78.26086956521739] _ -3006.062375935555   
[46.95652173913044, 46.95652173913044] _ -3006.0736682688257   
[148.69565217391303, 234.7826086956522] _ -3006.083280145368   
[101.73913043478261, 281.7391304347826] _ -3006.064019039848   
[7.826086956521739, 187.82608695652175] _ -3006.09789214952   
[23.47826086956522, 125.21739130434783] _ -3006.0943511424975   
[117.3913043478261, 109.56521739130434] _ -3006.066973284039   
[70.43478260869566, 281.7391304347826] _ -3006.0645569102044   
[0.0, 187.82608695652175] _ -3006.0963348844643   
[117.3913043478261, 125.21739130434783] _ -3006.0663783372866   
[78.26086956521739, 109.56521739130434] _ -3006.0647891748868   
[125.21739130434783, 219.1304347826087] _ -3006.0696031910047   
[46.95652173913044, 109.56521739130434] _ -3006.0805895473222   
[148.69565217391303, 78.26086956521739] _ -3006.0881817015024   
[93.91304347826087, 219.1304347826087] _ -3006.0642099178167   
[133.04347826086956, 328.69565217391306] _ -3006.086515518472   
[39.130434782608695, 328.69565217391306] _ -3006.077526108941   
[7.826086956521739, 0.0] _ -3006.0936978038408   
[7.826086956521739, 297.39130434782606] _ -3006.094707969015   
[7.826086956521739, 328.69565217391306] _ -3006.093956249867   
[133.04347826086956, 281.7391304347826] _ -3006.079301166159   
[78.26086956521739, 219.1304347826087] _ -3006.068573285679   
[180.0, 172.17391304347825] _ -3006.096334884467   
[54.78260869565217, 0.0] _ -3006.069842685609   
[15.652173913043478, 360.0] _ -3006.090206282297   
[172.17391304347825, 156.52173913043478] _ -3006.0938422247355   
[31.304347826086957, 109.56521739130434] _ -3006.089292210162   
[7.826086956521739, 234.7826086956522] _ -3006.096920796507   
[180.0, 219.1304347826087] _ -3006.096334884466   
[172.17391304347825, 313.04347826086956] _ -3006.0971789995765   
[125.21739130434783, 281.7391304347826] _ -3006.0746833903922   
[86.08695652173913, 140.8695652173913] _ -3006.0657557279474   
[109.56521739130434, 250.43478260869566] _ -3006.0642867240376   
[125.21739130434783, 93.91304347826087] _ -3006.0723549707845   
[148.69565217391303, 313.04347826086956] _ -3006.0923417626573   
[164.34782608695653, 15.652173913043478] _ -3006.098115949996   
[86.08695652173913, 0.0] _ -3006.066318712572   
[46.95652173913044, 31.304347826086957] _ -3006.0733467961645   
[15.652173913043478, 234.7826086956522] _ -3006.096228893849   
[15.652173913043478, 281.7391304347826] _ -3006.0928668753622   
[78.26086956521739, 0.0] _ -3006.0654410548523   
[62.608695652173914, 15.652173913043478] _ -3006.0671272068466   
[109.56521739130434, 93.91304347826087] _ -3006.0651180484037   
[156.52173913043478, 219.1304347826087] _ -3006.0869100218933   
[46.95652173913044, 281.7391304347826] _ -3006.075881368605   
[54.78260869565217, 156.52173913043478] _ -3006.0828715985945   
[39.130434782608695, 172.17391304347825] _ -3006.0922254114666   
[172.17391304347825, 203.47826086956522] _ -3006.093854816103   
[46.95652173913044, 328.69565217391306] _ -3006.0732201954916   
[39.130434782608695, 62.608695652173914] _ -3006.0791523504304   
[156.52173913043478, 0.0] _ -3006.0974580972734   
[0.0, 313.04347826086956] _ -3006.0963348844625   
[133.04347826086956, 344.3478260869565] _ -3006.0879464224345   
[23.47826086956522, 109.56521739130434] _ -3006.0927185395894   
[93.91304347826087, 15.652173913043478] _ -3006.067885491024   
[70.43478260869566, 313.04347826086956] _ -3006.064175491533   
[31.304347826086957, 140.8695652173913] _ -3006.0932157544985   
[93.91304347826087, 46.95652173913044] _ -3006.0650426160164   
[31.304347826086957, 297.39130434782606] _ -3006.0837535902238   
[156.52173913043478, 313.04347826086956] _ -3006.095099794563   
[180.0, 46.95652173913044] _ -3006.0963348844653   
[172.17391304347825, 360.0] _ -3006.0979155914483   
[164.34782608695653, 109.56521739130434] _ -3006.0923675013737   
[117.3913043478261, 62.608695652173914] _ -3006.0728275583224   
[156.52173913043478, 109.56521739130434] _ -3006.0887682397642   
[109.56521739130434, 360.0] _ -3006.0752105923293   
[31.304347826086957, 172.17391304347825] _ -3006.095325268774   
[109.56521739130434, 203.47826086956522] _ -3006.0652472615293   
[101.73913043478261, 0.0] _ -3006.0713823775513   
[156.52173913043478, 172.17391304347825] _ -3006.086135388109   
[7.826086956521739, 62.608695652173914] _ -3006.0947327856047   
[23.47826086956522, 172.17391304347825] _ -3006.0973875684376   
[39.130434782608695, 31.304347826086957] _ -3006.077635590307   
[31.304347826086957, 156.52173913043478] _ -3006.0945893360313   
[125.21739130434783, 125.21739130434783] _ -3006.0697388527487   
[125.21739130434783, 250.43478260869566] _ -3006.070784653185   
[133.04347826086956, 109.56521739130434] _ -3006.075039839061   
[172.17391304347825, 328.69565217391306] _ -3006.097576204201   
[39.130434782608695, 297.39130434782606] _ -3006.0790337414446   
[156.52173913043478, 140.8695652173913] _ -3006.086838589299   
[62.608695652173914, 344.3478260869565] _ -3006.0670404599214   
[7.826086956521739, 203.47826086956522] _ -3006.0977153633685   
[180.0, 62.608695652173914] _ -3006.0963348844653   
[93.91304347826087, 313.04347826086956] _ -3006.0649558015757   
[172.17391304347825, 15.652173913043478] _ -3006.097824869861   
[78.26086956521739, 31.304347826086957] _ -3006.0642651855387   
[164.34782608695653, 219.1304347826087] _ -3006.0909001515492   
[109.56521739130434, 109.56521739130434] _ -3006.0641943523187   
[7.826086956521739, 125.21739130434783] _ -3006.096937790371   
[109.56521739130434, 266.0869565217391] _ -3006.0651602476983   
[7.826086956521739, 172.17391304347825] _ -3006.0978946514915   
[62.608695652173914, 125.21739130434783] _ -3006.0740526595646   
[148.69565217391303, 281.7391304347826] _ -3006.0882329602746   
[164.34782608695653, 0.0] _ -3006.09830641836   
[180.0, 109.56521739130434] _ -3006.0963348844625   
[164.34782608695653, 297.39130434782606] _ -3006.0957173625666   
[78.26086956521739, 125.21739130434783] _ -3006.06659328976   
[133.04347826086956, 187.82608695652175] _ -3006.0732925560797   
[7.826086956521739, 140.8695652173913] _ -3006.0973934733765   
[93.91304347826087, 360.0] _ -3006.068346203834   
[156.52173913043478, 15.652173913043478] _ -3006.097169336056   
[180.0, 344.3478260869565] _ -3006.0963348844643   
[156.52173913043478, 31.304347826086957] _ -3006.096343203051   
[39.130434782608695, 281.7391304347826] _ -3006.0806093908723   
[7.826086956521739, 360.0] _ -3006.0936978038408   
[46.95652173913044, 297.39130434782606] _ -3006.0743695929414   
[140.8695652173913, 297.39130434782606] _ -3006.086367045069   
[23.47826086956522, 297.39130434782606] _ -3006.0881620593036   
[101.73913043478261, 250.43478260869566] _ -3006.062602907071   
[93.91304347826087, 140.8695652173913] _ -3006.0640976250716   
[140.8695652173913, 266.0869565217391] _ -3006.0816773000124   
[140.8695652173913, 125.21739130434783] _ -3006.0784636676626   
[156.52173913043478, 62.608695652173914] _ -3006.093515087633   
[31.304347826086957, 234.7826086956522] _ -3006.0913522162236   
[140.8695652173913, 109.56521739130434] _ -3006.079749672338   
[31.304347826086957, 62.608695652173914] _ -3006.083855712056   
[0.0, 203.47826086956522] _ -3006.0963348844634   
[164.34782608695653, 234.7826086956522] _ -3006.0915571136265   
[0.0, 109.56521739130434] _ -3006.0963348844625   
[78.26086956521739, 156.52173913043478] _ -3006.0701918049854   
[101.73913043478261, 172.17391304347825] _ -3006.0653259081773   
[23.47826086956522, 15.652173913043478] _ -3006.0862476623615   
[86.08695652173913, 203.47826086956522] _ -3006.0673311907804   
[117.3913043478261, 250.43478260869566] _ -3006.0670762107393   
[23.47826086956522, 328.69565217391306] _ -3006.0865588354145   
[23.47826086956522, 313.04347826086956] _ -3006.087196885441   
[164.34782608695653, 250.43478260869566] _ -3006.0924194645295   
[46.95652173913044, 62.608695652173914] _ -3006.0744971153654   
[101.73913043478261, 78.26086956521739] _ -3006.064034896379   
[101.73913043478261, 109.56521739130434] _ -3006.0625235515427   
[148.69565217391303, 109.56521739130434] _ -3006.0844478480412   
[109.56521739130434, 78.26086956521739] _ -3006.0667703179242   
[70.43478260869566, 0.0] _ -3006.065770214669   
[148.69565217391303, 140.8695652173913] _ -3006.082349365727   
[86.08695652173913, 93.91304347826087] _ -3006.0620142892676   
[7.826086956521739, 219.1304347826087] _ -3006.0973811006697   
[148.69565217391303, 0.0] _ -3006.0954192774134   
[101.73913043478261, 344.3478260869565] _ -3006.0708213532007   
[15.652173913043478, 266.0869565217391] _ -3006.09396380985   
[125.21739130434783, 187.82608695652175] _ -3006.0698360246042   
[101.73913043478261, 125.21739130434783] _ -3006.062842111891   
[78.26086956521739, 313.04347826086956] _ -3006.0631997437577   
[31.304347826086957, 328.69565217391306] _ -3006.0820851266053   
[31.304347826086957, 187.82608695652175] _ -3006.0953238135817   
[78.26086956521739, 281.7391304347826] _ -3006.0626179191822   
[109.56521739130434, 219.1304347826087] _ -3006.064580938766   
[54.78260869565217, 31.304347826086957] _ -3006.06962345171   
[54.78260869565217, 281.7391304347826] _ -3006.0714237847233   
[78.26086956521739, 140.8695652173913] _ -3006.0685005439273   
[140.8695652173913, 93.91304347826087] _ -3006.0816009678338   
[172.17391304347825, 62.608695652173914] _ -3006.0966562425   
[62.608695652173914, 0.0] _ -3006.0672757524326   
[93.91304347826087, 203.47826086956522] _ -3006.0654454309806   
[93.91304347826087, 187.82608695652175] _ -3006.066226527825   
[133.04347826086956, 140.8695652173913] _ -3006.073318613997   
[156.52173913043478, 187.82608695652175] _ -3006.086153312518   
[109.56521739130434, 62.608695652173914] _ -3006.0688812891385   
[0.0, 140.8695652173913] _ -3006.0963348844625   
[0.0, 0.0] _ -3006.0963348844653   
[62.608695652173914, 328.69565217391306] _ -3006.0666009951174   
[62.608695652173914, 297.39130434782606] _ -3006.0665838711675   
[101.73913043478261, 156.52173913043478] _ -3006.0646257280405   
[93.91304347826087, 93.91304347826087] _ -3006.0618484126635   
[70.43478260869566, 344.3478260869565] _ -3006.065448610386   
[23.47826086956522, 266.0869565217391] _ -3006.0909969329696   
[70.43478260869566, 93.91304347826087] _ -3006.0658840330116   
[125.21739130434783, 360.0] _ -3006.0840835166173   
[172.17391304347825, 31.304347826086957] _ -3006.0975662554692   
[125.21739130434783, 172.17391304347825] _ -3006.0697922758827   
[109.56521739130434, 0.0] _ -3006.07521059233   
[148.69565217391303, 62.608695652173914] _ -3006.090318138339   
[46.95652173913044, 93.91304347826087] _ -3006.0780762639997   
[140.8695652173913, 78.26086956521739] _ -3006.083884190386   
[0.0, 78.26086956521739] _ -3006.096334884466   
[7.826086956521739, 31.304347826086957] _ -3006.0939724008695   
[54.78260869565217, 234.7826086956522] _ -3006.0785739959347   
[93.91304347826087, 281.7391304347826] _ -3006.0623463149404   
[156.52173913043478, 78.26086956521739] _ -3006.09182999506   
[172.17391304347825, 219.1304347826087] _ -3006.094120890415   
[0.0, 172.17391304347825] _ -3006.0963348844643   
[172.17391304347825, 344.3478260869565] _ -3006.0978298691716   
[23.47826086956522, 219.1304347826087] _ -3006.0957569456814   
[70.43478260869566, 31.304347826086957] _ -3006.0649099610227   
[39.130434782608695, 203.47826086956522] _ -3006.091342445756   
[70.43478260869566, 109.56521739130434] _ -3006.0677728910377   
[164.34782608695653, 172.17391304347825] _ -3006.0902275189646   
[117.3913043478261, 156.52173913043478] _ -3006.0668244464005   
[93.91304347826087, 0.0] _ -3006.0683462038332   
[7.826086956521739, 313.04347826086956] _ -3006.0942769387957   
[70.43478260869566, 219.1304347826087] _ -3006.072188100702   
[46.95652173913044, 203.47826086956522] _ -3006.0873423078992   
[86.08695652173913, 187.82608695652175] _ -3006.0682365217344   
[86.08695652173913, 46.95652173913044] _ -3006.063575331632   
[164.34782608695653, 78.26086956521739] _ -3006.094540317975   
[78.26086956521739, 93.91304347826087] _ -3006.0633902938043   
[172.17391304347825, 297.39130434782606] _ -3006.0966753563935   
[46.95652173913044, 313.04347826086956] _ -3006.073525574223   
[31.304347826086957, 344.3478260869565] _ -3006.0817887273297   
[133.04347826086956, 266.0869565217391] _ -3006.0769560589442   
[70.43478260869566, 125.21739130434783] _ -3006.069963716337   
[101.73913043478261, 360.0] _ -3006.071382377555   
[7.826086956521739, 78.26086956521739] _ -3006.0952509072113   
[140.8695652173913, 31.304347826086957] _ -3006.090606294657   
[86.08695652173913, 219.1304347826087] _ -3006.065848667896   
[156.52173913043478, 93.91304347826087] _ -3006.0901977916938   
[54.78260869565217, 15.652173913043478] _ -3006.0697792659093   
[23.47826086956522, 62.608695652173914] _ -3006.0882413113304   
[125.21739130434783, 109.56521739130434] _ -3006.070674834865   
[117.3913043478261, 360.0] _ -3006.0795520521697   
[39.130434782608695, 140.8695652173913] _ -3006.0897129958703   
[180.0, 250.43478260869566] _ -3006.096334884466   
[140.8695652173913, 344.3478260869565] _ -3006.0918880710287   