-9.960457687343332589e-01 -2.243826461260188532e-01 -2.610573241872740299e-02 -5.972684816806560562e-04 -1.515708711291061583e-03 -4.542110631443940089e-02 4.104976012292489707e-02 2.155766183347038409e-07 9.936689898688901013e-02 9.923757347253783952e-04 4.996970266514103032e-02
-2.092068979993456229e-02 4.746649051710625788e-01 7.656823213001215378e-02 1.772240408338309143e-03 4.497467924968572006e-03 1.885712887056095188e-01 -1.699521027886360947e-01 -8.940827238503094302e-07 -7.355307359984606386e-01 1.394808493036560348e-01 -1.469369636393497380e+00
8.046392233684752317e-09 -2.820172434049688933e-06 -1.214292656100515733e-02 5.933209532009429132e-01 6.960933815428893556e-02 3.077930618726452128e-01 3.440260080621670991e-01 -8.751760895701453657e-01 4.257319491294754298e-06 -5.895661116609122064e-07 2.743771311287046021e-06
-1.518223902649348988e-08 5.322955271432793772e-06 2.291108511717358104e-02 6.432459856318914482e-02 -5.978452924954579251e-01 -5.808617202757609954e-01 -6.492285480154765809e-01 -4.637528477097407897e-01 -8.036017113264268713e-06 1.113258768279624563e-06 -5.178227483554350548e-06
-2.671849081728200175e-03 -1.174341338209627245e-01 4.770664508958717409e-01 1.083402408377727617e-02 2.749388205130903762e-02 6.581638050798727102e-01 -5.962685537155651971e-01 -3.127073018932321805e-06 5.484682797475838312e-01 -8.985753242171264088e-02 -2.623932383023084292e-01
7.956170511723256039e-03 6.346149448137395899e-01 -1.892217763633736449e-01 -4.093357635546289799e-03 -1.038792147302986836e-02 2.697469547086770447e-01 -2.388738666815718448e-01 -1.276467746381419013e-06 5.148973119121214026e-02 -7.786607732149003480e-02 2.570962383302084042e+00
8.173725894733898143e-09 -2.614125956664263795e-06 -2.063958640814248999e-02 5.529645198220646263e-01 5.831262155377787276e-02 -3.176149141262817333e-01 -3.543693076580660128e-01 8.944234794653759257e-01 -4.414605350725705830e-06 6.743188034485623558e-07 -2.746525602151997731e-06
-1.542506450763953891e-08 4.934053532465339898e-06 3.894584935690938166e-02 6.536149296532785258e-02 -5.469297271985277265e-01 5.993948654235764506e-01 6.687455359450253933e-01 4.739519891057881185e-01 8.333199743054532532e-06 -1.273574128095325651e-06 5.183167238449493006e-06
1.323471946951295481e-03 -1.043417930231777535e-01 2.621089393852230054e-01 5.789271042694008398e-03 1.469168803172333365e-02 -6.697598908689944563e-02 5.622176663860303791e-02 3.148338701001116482e-07 -1.248448911218968282e+00 -3.894677009531335998e-01 1.186910114117477821e+00
-2.389258583602764049e-04 3.294462785247156272e-02 3.630681908642339750e-01 7.910108474362274184e-03 2.007386868932668419e-02 -3.816220644582874466e-01 3.365453052678206158e-01 1.804322613635006415e-06 3.762076645069043490e-01 1.330587972637506278e+00 -2.590580540250611019e-01
-3.428016323420699819e-03 -9.396300527335167685e-02 2.668430296180613892e-01 5.764959723788457176e-03 1.463003748994523394e-02 -4.079400984155286958e-01 3.614979232414605170e-01 1.929229862499506552e-06 7.219268735053453456e-01 -1.088359379376150349e+00 -1.622036984618609567e+00
