1.0 -7.8916203652242425
1.1 -7.931164822852471
1.2 -7.957309598494002
1.3 -7.973868672700648
1.4 -7.983572349909957
1.5 -7.988381840550149
1.6 -7.989712805442834
1.7 -7.988589919227879
1.8 -7.985755408518725
1.9 -7.981763412184969
2.0 -7.97713397504355
2.1 -7.97257466670782
2.2 -7.968464816608451
2.3 -7.964261122823144
2.4 -7.9596799617235705
2.5 -7.954831076659671
2.6 -7.949863043351381
2.7 -7.944885634127045
2.8 -7.939977221764322
2.9 -7.9351978892041215
3.0 -7.930598178093633
                                    
