1.0 -7.881612892781048
1.1 -7.921427462566947
1.2 -7.947789935885313
1.3 -7.964520556071266
1.4 -7.974345674434572
1.5 -7.97921935869601
1.6 -7.980550470935234
1.7 -7.979360668151573
1.8 -7.976394250554583
1.9 -7.972194941063612
2.0 -7.9671600224532
2.1 -7.961579054305763
2.2 -7.9556621370509575
2.3 -7.949560994436007
2.4 -7.943384887812949
2.5 -7.937212562781709
2.6 -7.931101022204911
2.7 -7.925091778767323
2.8 -7.919215195244012
2.9 -7.913493458757996
3.0 -7.907942631612222
                      
