1.0 -7.883026274370575
1.1 -7.922802583636356
1.2 -7.949146071887602
1.3 -7.965873351425203
1.4 -7.975709846664097
1.5 -7.980610385659499
1.6 -7.98198646030169
1.7 -7.980864589945936
1.8 -7.977996626225326
1.9 -7.973937158113214
2.0 -7.969098504290754
2.1 -7.963790521665145
2.2 -7.958250091901987
2.3 -7.95266322954603
2.4 -7.94718112480698
2.5 -7.9419301452960775
2.6 -7.937015111246196
2.7 -7.9325155130647484
2.8 -7.92847629846911
2.9 -7.924898119184725
3.0 -7.921734242291343
                             
