1.0 -7.883650968006861
1.1 -7.923385780232623
1.2 -7.949696734824863
1.3 -7.966394905745812
1.4 -7.976202759351299
1.5 -7.981073677420981
1.6 -7.982418626888561
1.7 -7.981264162439948
1.8 -7.978362497213167
1.9 -7.974268751620666
2.0 -7.969395839829522
2.1 -7.964054205213506
2.2 -7.958481255926316
2.3 -7.952863440114466
2.4 -7.94735227556408
2.5 -7.942074362203069
2.6 -7.937134692799782
2.7 -7.932612920839621
2.8 -7.928554187090239
2.9 -7.924959360278811
3.0 -7.921781880532991
                                                                                                                                                                                                                                                                                             
