1.0 -7.890760248929029
1.1 -7.930405447254558
1.2 -7.956634323666329
1.3 -7.973262003878463
1.4 -7.983020568714746
1.5 -7.987873153632112
1.6 -7.989237289540197
1.7 -7.988139396764359
1.8 -7.985323303766637
1.9 -7.981344601705606
2.0 -7.9767245764058945
2.1 -7.971367319302283
2.2 -7.966552138740706
2.3 -7.961615872827562
2.4 -7.956651303512681
2.5 -7.951724180239747
2.6 -7.946882616141689
2.7 -7.942163198133697
2.8 -7.93759466554778
2.9 -7.933199938328955
3.0 -7.928997104853493
                                  
