1.0 -7.916504666882968
1.1 -7.955782723035619
1.2 -7.981900961640562
1.3 -7.99862723815607
1.4 -8.008650613663853
1.5 -8.013917522489782
1.6 -8.01580143413877
1.7 -8.01530123972557
1.8 -8.01314736475689
1.9 -8.009874584790666
2.0 -8.00587363526573
2.1 -8.001428433114866
2.2 -7.99673786159369
2.3 -7.991951013684258
2.4 -7.986911244622239
2.5 -7.982242606664902
2.6 -7.977713803201372
2.7 -7.973365404810114
2.8 -7.96922728345674
2.9 -7.965558312136079
3.0 -7.961878489199573
                                                                                                                                                                                                                                                                              
                                                                                                                                                                                                                                                                               
                                         
