1.0 -7.9169340263825765
1.1 -7.956210535011523
1.2 -7.982332205663851
1.3 -7.999069226459035
1.4 -8.00910589920344
1.5 -8.014363663377846
1.6 -8.016227618658933
1.7 -8.01570316967584
1.8 -8.013523970122602
1.9 -8.010226577364696
2.0 -8.006202719524603
2.1 -8.001736796578127
2.2 -7.997033707471949
2.3 -7.992224053193359
2.4 -7.987444098026929
2.5 -7.982753576328826
2.6 -7.978207402295065
2.7 -7.973845747447672
2.8 -7.96969806394779
2.9 -7.965785438522195
3.0 -7.962121924944584
                     
