1.0 -7.897162805800693
1.1 -7.936535679798037
1.2 -7.962707262996455
1.3 -7.979492254388878
1.4 -7.98960429450241
1.5 -7.994980236872177
1.6 -7.997008050951006
1.7 -7.996686106636934
1.8 -7.994735033109051
1.9 -7.991676592031701
2.0 -7.98788937229661
2.1 -7.983648318839534
2.2 -7.9791531406232545
2.3 -7.974549038425971
2.4 -7.969941948046248
2.5 -7.965409631361158
2.6 -7.961009529234655
2.7 -7.956784099286821
2.8 -7.95276426178422
2.9 -7.948971492267648
3.0 -7.94541903250218
                            
