1.0 -7.916826614286087
1.1 -7.956111371063761
1.2 -7.982238667012228
1.3 -7.998979581053228
1.4 -8.009018978399233
1.5 -8.014278614964908
1.6 -8.016143723824548
1.7 -8.015619722701173
1.8 -8.01344021391185
1.9 -8.010141699727523
2.0 -8.006115912069946
2.1 -8.001647369166935
2.2 -7.99693412866314
2.3 -7.992127704189878
2.4 -7.987244178090228
2.5 -7.982574667666129
2.6 -7.978045830807724
2.7 -7.973698134373237
2.8 -7.9695613621232
2.9 -7.965656909406671
3.0 -7.961998960340036
                                                                                                                                                                                                                                                                              
