1.0 -7.9158185722438095
1.1 -7.9550327339471645
1.2 -7.980841672528332
1.3 -7.997662184680637
1.4 -8.007762044774331
1.5 -8.013094826286626
1.6 -8.01503653191234
1.7 -8.01458698043735
1.8 -8.012477624798432
1.9 -8.009244074700087
2.0 -8.005277700151252
2.1 -8.00086287795677
2.2 -7.996204719997092
2.3 -7.991450253595861
2.4 -7.986704682373869
2.5 -7.982043614149886
2.6 -7.977170937308986
2.7 -7.972738369097717
2.8 -7.969047101736317
2.9 -7.965145309863567
3.0 -7.961282213787039
                     
