1.0 -7.916935130624373
1.1 -7.956211632801871
1.2 -7.982333311359899
1.3 -7.999070350246362
1.4 -8.009107050770673
1.5 -8.014364854982302
1.6 -8.016228867036304
1.7 -8.015704496786544
1.8 -8.01352540295182
1.9 -8.010228147059582
2.0 -8.006204460273231
2.1 -8.001738744367477
2.2 -7.997035898813087
2.3 -7.992242512013139
2.4 -7.987463432259845
2.5 -7.98277384343289
2.6 -7.978228355629417
2.7 -7.973867064845924
2.8 -7.969719431687609
2.9 -7.965806541642414
3.0 -7.962142275560025
                         
