1.0 -7.916900344432549
1.1 -7.95618026635821
1.2 -7.982304649452363
1.3 -7.9990437190389345
1.4 -8.009081944592866
1.5 -8.014340937490429
1.6 -8.016205928880296
1.7 -8.0156824063801
1.8 -8.013504053845185
1.9 -8.010207403758573
2.0 -8.006184115579796
2.1 -8.001718502867654
2.2 -7.997015396591164
2.3 -7.992221419847366
2.4 -7.987405822208076
2.5 -7.982721256395572
2.6 -7.978179579683488
2.7 -7.973821173995339
2.8 -7.969675703433884
2.9 -7.965764415928644
3.0 -7.962101326775661
                              
