1.0 -7.91618005899675
1.1 -7.955451308221832
1.2 -7.981560466030522
1.3 -7.998272515771999
1.4 -8.008278002345701
1.5 -8.01355126275353
1.6 -8.01545385061796
1.7 -8.01497765169229
1.8 -8.012849739014879
1.9 -8.009603083471731
2.0 -8.005627385233105
2.1 -8.001205939660498
2.2 -7.996398941487105
2.3 -7.991615248987582
2.4 -7.986784208254575
2.5 -7.9821242804566745
2.6 -7.977583573380087
2.7 -7.973235091160394
2.8 -7.969098317456196
2.9 -7.9651949765483545
3.0 -7.961539766608058
                                                                                                                                                                                                                                                                             
                                                                                                                                                                                                                                                                               
                                                                                                                                                                                                                                                                               
