1.0 -7.914974315417625
1.1 -7.954191124277716
1.2 -7.980373664425055
1.3 -7.997032480799925
1.4 -8.007232523531014
1.5 -8.01262906550986
1.6 -8.014612011472119
1.7 -8.014190330151868
1.8 -8.011919958579732
1.9 -8.008717625109796
2.0 -8.004923594547755
2.1 -8.000515614036207
2.2 -7.995862235227217
2.3 -7.991110975667259
2.4 -7.986367363925106
2.5 -7.9817072286508814
2.6 -7.977185584150727
2.7 -7.972842804834206
2.8 -7.968708707853396
2.9 -7.964804972560928
3.0 -7.96079715710875
                  
