1.0 -7.910812324087667 
1.1 -7.9502008631244605
1.2 -7.976390711632774 
1.3 -7.993193549601749 
1.4 -8.003321387973527   
1.5 -8.008710604799685 
1.6 -8.010749317262347   
1.7 -8.010436280269637
1.8  -8.008492525704161
1.9  -8.005440126066947
2.0 -8.001657855254349
2.1  -7.9974207293966275
2.2 -7.992928453565619
2.3 -7.988326202042756
2.4 -7.983719896478418
2.5 -7.979187319355328
2.6  -7.974785973779145
2.7 -7.970558415355381
2.8 -7.966535677386579
2.9 -7.962739364265039
3.0 -7.959182835607731 

